5.4 3
8.0 5
7.0 5
5.0 5
5.0 5
5.0 5
4.6 2
4.8 2
2.4 2
2.0 2
2.0 2
2.0 2
2.0 2
2.0 2
2.0 2
2.0 2
2.0 2
2.0 2
2.0 2
2.0 2
2.0 2
2.0 2
2.0 2
5.05 1
3.765 1
3.125 0
2.785 0
2.545 0
2.295 0
2.015 0
1.545 0
0.935 0
0.54 0
0.62 0
0.27 0
0.29 0
0.235 0
5.12 1
3.74 0
2.885 0
2.94 0
2.69 0
2.185 0
1.225 0
0.455 0
0.29 0
5.07 1
5.005 1
3.455 0
3.18 0
2.915 0
2.495 0
2.295 0
1.81 0
5.28 1
5.355 0
3.77 0
3.44 0
2.785 0
4.94 1
3.87 0
3.105 0
3.085 0
2.46 0
4.765 1
4.815 1
3.81 0
3.005 0
2.92 0
10.445 4
8.62 4
7.97 2
7.385 2
6.805 2
6.7 2
6.36 2
5.63 2
4.49 2
2.825 0
2.175 0
1.67 0
5.04 1
5.31 0
4.935 1
4.655 0
5.3 0
3.665 0
3.085 0
2.885 0
2.535 0
1.755 0
0.62 0
9.66 2
8.23 2
6.66 2
5.05 2
2.48 1
1.99 1
1.67 1
1.34 1
1.18 1
1.16 1
1.09 1
1.12 1
1.07 1
1.04 1
1.07 1
1.09 1
1.02 1
1.07 1
1.07 1
1.06 1
1.09 1
1.06 1
1.06 1
1.05 1
1.04 1
1.1 1
1.06 1
1.12 1
1.08 1
1.07 1
1.06 1
1.02 1
1.09 1
1.1 1
1.08 1
1.09 1
1.08 1
1.08 1
1.08 1
1.1 1
1.08 1
1.1 1
1.09 1
1.02 1
1.07 1
1.1 1
1.07 1
1.08 1
1.04 1
1.1 1
1.09 1
1.09 1
1.08 1
1.09 1
1.09 1
1.08 1
1.13 1
1.11 1
1.08 1
1.05 1
1.14 1
1.05 1
1.1 1
1.11 1
1.1 1
1.13 1
1.08 1
1.15 1
1.09 1
1.06 1
1.14 1
1.05 1
1.07 1
1.12 1
1.08 1
1.05 1
1.13 1
1.07 1
1.1 1
1.09 1
1.06 1
1.09 1
1.08 1
1.11 1
1.07 1
1.1 1
1.12 1
1.15 1
1.07 1
1.1 1
1.11 1
1.08 1
1.13 1
1.05 1
1.06 1
1.09 1
1.09 1
1.11 1
1.05 1
1.12 1
1.09 1
1.04 1
1.07 1
1.07 1
1.09 1
1.13 1
1.04 1
1.04 1
1.11 1
1.08 1
1.1 1
1.11 1
1.13 1
1.08 1
1.09 1
1.05 0
1.11 0
1.11 0
1.15 0
0.42 0
0.1 0
0.12 0
0.08 0
0.15 0
0.06 0
0.08 0
0.17 0
0.04 0
0.15 0
0.08 0
10.25 4
8.31 3
7.91 1
7.24 1
6.85 1
5.93 1
4.82 1
2.97 1
1.33 0
10.21 4
8.29 4
7.9 3
6.86 3
6.08 3
5.99 2
5.87 2
5.92 2
4.3 2
2.82 1
2.52 1
2.7 1
2.99 1
3.79 1
3.05 1
1.32 1
1.02 1
1.08 1
1.12 1
1.06 1
1.1 1
1.07 1
1.14 1
1.12 1
1.12 1
1.11 1
1.11 1
1.07 1
1.12 1
1.07 1
1.12 1
1.09 1
1.11 1
1.12 1
1.12 1
1.07 1
1.12 1
1.08 1
1.15 1
1.03 1
1.12 1
1.13 1
1.08 1
1.06 1
1.1 1
1.13 1
1.08 1
1.09 1
1.08 1
1.12 1
1.09 1
1.08 1
1.13 1
1.09 1
1.09 1
1.06 1
1.04 1
1.02 1
1.13 1
1.07 1
1.15 1
1.12 1
1.16 1
1.08 1
1.06 1
1.05 1
1.09 1
1.07 1
1.1 1
1.14 1
1.15 1
1.09 1
1.02 1
1.04 1
1.13 1
1.06 1
1.05 1
1.2 1
1.14 1
1.09 1
1.12 1
1.08 1
1.06 1
1.03 1
1.07 1
1.07 1
1.06 1
1.07 1
1.13 1
1.08 1
1.08 1
1.18 1
1.04 1
1.1 1
1.03 1
1.14 1
1.07 1
1.08 1
1.07 1
1.1 1
1.05 1
1.06 1
1.15 1
1.06 1
1.05 1
1.09 1
1.05 1
1.05 1
1.12 1
1.1 1
1.09 1
1.05 1
1.08 1
1.03 1
1.11 1
1.12 1
1.03 1
1.12 1
1.06 1
1.06 1
1.17 1
1.08 1
1.12 1
1.06 1
1.09 1
1.07 1
1.15 1
1.09 1
1.14 1
1.18 1
1.12 1
1.1 1
1.08 1
1.06 1
1.07 1
1.07 1
1.15 1
1.03 1
1.12 1
1.06 1
1.07 1
1.09 1
1.08 1
1.09 1
1.11 1
1.04 1
1.08 1
1.07 1
1.05 1
1.08 1
1.07 1
1.24 1
1.09 1
1.07 1
1.14 1
1.25 1
1.11 1
1.14 1
1.07 1
1.11 1
1.04 1
1.03 1
1.13 1
1.11 1
1.06 1
1.12 1
1.08 1
1.08 1
1.09 1
1.14 1
1.05 1
1.19 1
1.07 1
1.09 1
1.15 1
1.12 1
1.09 1
1.1 1
1.07 1
1.14 1
1.08 1
1.1 1
1.11 1
1.14 1
1.04 1
1.04 1
1.09 1
1.12 1
1.08 1
1.1 1
1.1 1
1.11 1
1.17 1
1.16 1
1.1 1
1.08 1
1.12 1
1.08 1
1.13 1
1.08 1
1.15 1
1.15 1
1.09 1
1.14 1
1.06 1
1.12 1
1.07 1
1.01 1
1.09 1
1.13 1
1.17 1
1.11 1
1.11 1
1.11 1
1.08 1
1.05 1
1.07 1
1.08 1
1.13 1
1.15 1
1.07 1
1.11 1
1.13 1
1.12 1
1.1 1
1.1 1
1.37 1
1.11 1
1.04 1
1.19 1
9.9 3
7.95 3
7.14 3
6.57 3
6.33 3
6.39 3
6.21 3
5.68 2
5.88 2
5.51 2
5.13 2
4.91 2
4.53 2
3.74 2
4.07 2
4.19 2
3.14 2
3.49 2
2.23 2
2.19 2
2.35 2
2.25 2
2.47 2
2.14 2
2.25 2
2.23 2
2.31 2
2.14 2
2.26 2
2.11 2
2.08 2
2.3 2
2.28 2
2.19 2
2.58 2
2.36 2
2.17 2
2.44 2
2.22 2
2.22 2
2.23 2
2.26 2
2.29 2
2.24 2
2.26 2
2.23 2
2.18 2
2.31 2
2.18 2
2.38 2
2.23 2
2.21 2
2.23 2
2.4 2
2.24 2
2.1 2
2.23 2
2.29 2
2.08 2
2.12 2
2.13 2
2.1 2
2.06 2
2.05 2
2.12 2
2.06 2
2.19 2
2.08 2
2.07 2
2.11 2
2.22 2
2.16 2
2.11 2
2.15 2
2.14 2
2.18 2
2.12 2
2.16 2
2.12 2
2.08 2
2.11 2
2.06 2
2.21 2
2.08 2
2.1 2
2.17 2
2.11 2
2.13 2
2.15 2
2.28 2
2.25 2
2.22 2
2.13 2
2.24 2
2.21 2
2.17 2
2.21 2
2.23 2
2.18 2
2.29 2
2.16 2
2.13 2
2.27 2
2.22 2
2.28 2
2.15 2
2.04 1
2.14 1
2.06 1
2.18 1
2.16 1
2.33 1
2.3 1
2.0 1
1.18 1
1.12 1
1.07 1
1.11 1
1.07 1
1.08 1
1.11 1
1.11 1
1.11 1
1.11 1
1.1 1
1.09 1
1.07 1
1.08 1
1.15 1
1.06 1
1.12 1
1.13 1
1.11 1
1.06 1
1.09 1
1.12 1
1.11 1
1.08 1
1.1 1
1.11 1
1.04 1
1.12 1
1.1 1
1.1 1
1.07 1
1.08 1
1.08 1
1.04 1
1.1 1
1.11 1
1.19 1
1.06 1
1.08 1
1.08 1
1.08 1
1.12 1
1.12 1
1.1 1
1.11 1
1.11 1
1.09 1
1.01 1
1.13 1
1.11 1
1.06 1
1.07 1
1.14 1
1.09 1
1.05 1
1.12 1
1.11 1
1.07 1
1.11 1
1.11 1
1.09 1
1.11 1
1.05 1
1.11 1
1.08 1
1.05 1
1.08 1
1.07 1
1.08 1
1.06 1
1.1 1
1.13 1
1.11 1
1.09 1
1.05 1
1.08 1
1.13 1
1.07 1
1.11 1
1.06 1
1.13 1
1.12 1
1.05 1
1.06 1
1.11 1
1.09 1
1.07 1
1.08 1
1.07 1
1.07 1
1.15 1
1.15 1
1.19 1
1.19 1
1.13 1
1.18 1
1.29 1
1.22 1
1.15 1
1.13 1
1.16 1
1.21 1
1.18 1
1.14 1
1.22 1
1.2 1
1.1 1
1.17 1
1.11 1
1.14 1
1.17 1
1.11 1
1.2 1
1.32 1
1.2 1
1.28 1
1.26 1
1.25 1
1.15 1
1.32 1
1.25 1
1.24 1
1.2 1
1.22 1
1.26 1
1.22 1
1.38 1
1.31 1
1.07 1
1.22 1
1.24 1
1.26 1
1.14 1
1.15 1
1.23 1
1.2 1
1.27 1
1.32 1
1.05 1
1.11 1
1.21 1
1.29 1
1.2 1
1.17 1
1.19 1
1.22 1
1.15 1
1.1 1
1.19 1
1.2 1
1.08 1
1.13 1
1.09 1
1.07 1
1.11 1
1.05 1
1.07 1
1.06 1
1.07 1
1.12 1
1.07 1
1.1 1
1.11 1
1.08 1
1.07 1
1.07 1
1.06 1
1.09 1
1.1 1
1.09 1
1.07 1
1.11 1
1.13 1
1.21 1
1.07 1
1.09 1
1.05 1
1.1 1
1.1 1
1.09 1
1.06 1
1.1 1
1.04 1
1.1 1
1.12 1
1.1 1
1.1 1
1.06 1
1.08 1
1.16 1
1.17 1
1.1 1
1.22 1
1.26 1
1.22 1
1.1 1
1.23 1
1.08 1
1.15 1
1.25 1
1.18 1
1.14 1
1.06 1
1.14 1
1.14 1
1.15 1
1.23 1
1.11 1
1.14 1
1.17 1
1.12 1
1.23 1
1.2 1
1.15 1
1.02 1
1.08 1
1.06 1
1.12 1
1.15 1
1.03 1
1.1 1
1.04 1
1.07 1
1.13 1
1.15 1
1.06 1
1.09 1
1.1 1
1.08 1
1.13 1
1.09 1
1.05 1
1.06 1
1.05 1
1.03 1
1.07 1
1.07 1
1.14 1
1.12 1
1.12 1
1.11 1
1.09 1
1.03 1
1.12 1
1.13 1
1.08 1
1.09 1
1.09 1
1.07 1
1.04 1
1.09 1
1.05 1
1.11 1
1.05 1
1.04 1
1.14 1
1.08 1
1.04 1
1.09 1
1.08 1
1.06 1
1.09 1
1.13 1
1.12 1
1.05 1
1.05 1
1.12 1
1.06 1
1.14 1
1.1 1
1.15 1
1.11 1
1.17 1
1.22 1
1.12 1
1.11 1
1.19 1
1.02 1
1.14 1
1.15 1
1.17 1
1.23 1
1.15 1
1.15 1
1.14 1
1.08 1
1.24 1
1.12 1
1.04 1
1.11 1
1.18 1
1.15 1
1.13 1
1.12 1
1.23 1
1.16 1
1.12 1
1.17 1
1.19 1
1.2 1
1.08 1
1.09 1
1.0 1
1.17 1
1.13 1
1.08 1
1.18 1
1.13 1
1.17 1
1.11 1
1.16 1
1.11 1
1.19 1
1.19 1
1.06 1
1.08 1
1.09 1
1.08 1
1.11 1
1.06 1
1.03 1
1.12 1
1.08 1
1.07 1
1.09 1
1.16 1
1.03 1
1.16 1
1.15 1
1.24 1
1.27 1
1.19 1
1.16 1
1.23 1
1.18 1
1.13 1
1.19 1
1.12 1
1.17 1
1.14 1
1.2 1
1.17 1
1.15 1
1.2 1
1.11 1
1.12 1
1.18 1
1.13 1
1.08 1
1.22 1
1.16 1
1.05 1
1.22 1
1.22 1
1.14 1
1.23 1
1.18 1
1.18 1
1.19 1
1.26 1
1.21 1
1.15 1
1.12 1
1.18 1
1.18 1
1.16 1
1.33 1
1.14 1
1.05 1
1.17 1
1.1 1
1.08 1
1.25 1
1.12 1
1.14 1
1.14 1
1.22 1
1.25 1
1.14 1
1.26 1
1.18 1
1.25 1
1.22 1
1.12 1
1.29 1
1.33 1
1.26 1
1.33 1
1.3 1
1.35 1
1.3 1
1.31 1
1.32 1
1.16 1
1.26 1
1.41 1
1.24 1
1.3 1
1.28 1
1.31 1
1.41 1
1.36 1
1.32 1
1.34 1
1.36 1
1.28 1
1.2 1
1.44 1
1.2 1
1.33 1
1.15 1
1.39 1
1.41 1
1.28 1
1.33 1
1.39 1
1.27 1
1.29 1
1.37 1
1.39 1
1.33 1
1.3 1
1.19 1
1.45 1
1.51 1
1.45 1
1.41 1
1.48 1
1.52 1
1.49 1
1.5 1
1.46 1
1.16 1
1.28 1
1.3 1
1.47 1
1.22 1
1.28 1
1.28 1
1.17 1
1.22 1
1.19 1
1.2 1
1.29 1
1.23 1
1.23 1
1.27 1
1.23 1
1.15 1
1.35 1
1.25 1
1.27 1
1.23 1
1.28 1
1.25 1
1.16 1
1.21 1
1.16 1
1.3 1
1.25 1
1.18 1
1.2 1
1.11 1
1.16 1
1.2 1
1.09 1
1.11 1
1.15 1
1.27 1
1.24 1
1.17 1
1.2 1
1.07 1
1.09 1
1.21 1
1.16 1
1.25 1
1.14 1
1.04 1
1.17 1
1.18 1
1.11 1
1.17 1
1.21 1
1.3 1
1.19 1
1.3 1
1.21 1
1.14 1
1.15 1
1.06 1
1.13 1
1.16 1
1.2 1
1.21 1
1.04 1
1.19 1
1.09 1
1.21 1
1.23 1
1.17 1
1.18 1
1.15 1
1.11 1
1.15 1
1.15 1
1.28 1
1.17 1
1.04 1
1.07 1
1.2 1
1.05 1
1.26 1
1.16 1
1.17 1
1.26 1
1.36 1
1.23 1
1.19 1
1.17 1
1.19 1
1.16 1
1.17 1
1.12 1
1.09 1
1.17 1
1.21 1
1.2 1
1.07 1
1.14 1
1.11 1
1.08 1
1.07 1
1.04 1
1.1 1
1.08 1
1.08 1
1.06 1
1.1 1
1.11 1
1.15 1
1.09 1
1.1 1
1.02 1
1.1 1
1.07 1
1.16 1
1.12 1
1.06 1
1.08 1
1.07 1
1.09 1
1.1 1
1.1 1
1.05 1
1.08 1
1.14 1
1.05 1
1.1 1
1.1 1
1.14 1
1.07 1
1.2 1
1.16 1
1.13 1
1.31 1
1.15 1
1.24 1
1.26 1
1.3 1
1.16 1
1.35 1
1.21 1
1.15 1
1.28 1
1.4 1
1.22 1
1.1 1
1.26 1
1.19 1
1.17 1
1.04 1
1.19 1
1.21 1
1.15 1
1.22 1
1.12 1
1.27 1
1.14 1
1.13 1
1.11 1
1.22 1
1.08 1
1.13 1
1.09 1
1.09 1
1.17 1
1.21 1
1.21 1
1.07 1
1.14 1
1.17 1
1.18 1
1.17 1
1.25 1
1.14 1
1.19 1
1.18 1
1.14 1
1.15 1
1.16 1
1.19 1
1.09 1
1.14 1
1.23 1
1.15 1
1.14 1
1.14 1
1.12 1
1.14 1
1.26 1
1.09 1
1.14 1
1.17 1
1.15 1
1.03 1
1.16 1
1.1 1
1.15 1
1.11 1
1.12 1
1.06 1
1.11 1
1.18 1
1.21 1
1.26 1
1.07 1
1.17 1
1.15 1
1.05 1
1.13 1
1.15 1
1.06 1
1.08 1
1.21 1
1.27 1
1.17 1
1.24 1
1.09 1
1.11 1
1.06 1
1.26 1
1.03 1
1.12 1
1.11 1
1.07 1
1.08 1
1.09 1
1.13 1
1.12 1
1.12 1
1.06 1
1.04 1
1.08 1
1.09 1
1.05 1
1.12 1
1.0 1
1.11 1
1.15 1
1.05 1
1.11 1
1.09 1
1.09 1
1.1 1
1.07 1
1.1 1
1.08 1
1.14 1
1.17 1
1.06 1
1.1 1
1.06 1
1.13 1
1.06 1
1.05 1
1.08 1
1.13 1
1.08 1
1.1 1
1.03 1
1.12 1
1.14 1
1.05 1
1.06 1
1.13 1
1.1 1
1.09 1
1.09 1
1.06 1
1.13 1
1.07 1
1.07 1
1.09 1
1.09 1
1.11 1
1.1 1
1.09 1
1.08 1
1.14 1
1.23 1
1.18 1
1.13 1
1.17 1
1.18 1
1.12 1
1.12 1
1.2 1
1.25 1
1.24 1
1.33 1
1.21 1
1.14 1
1.14 1
1.17 1
1.24 1
1.23 1
1.25 1
1.15 1
1.26 1
1.22 1
1.31 1
1.25 1
1.33 1
1.21 1
1.24 1
1.26 1
1.27 1
1.26 1
1.36 1
1.2 1
1.38 1
1.35 1
1.18 1
1.21 1
1.26 1
1.19 1
1.13 1
1.21 1
1.21 1
1.17 1
1.15 1
1.1 1
1.19 1
1.11 1
1.08 1
1.12 1
1.1 1
1.17 1
1.23 1
1.22 1
1.16 1
1.17 1
1.04 1
1.14 1
1.14 1
1.13 1
1.27 1
1.14 1
1.13 1
1.23 1
1.15 1
1.15 1
1.17 1
1.11 1
1.17 1
1.09 1
1.08 1
1.2 1
1.1 1
1.18 1
1.15 1
1.12 1
1.15 1
1.12 1
1.14 1
1.28 1
1.1 1
1.19 1
1.25 1
1.11 1
1.11 1
1.09 1
1.19 1
1.19 1
1.08 1
1.15 1
1.18 1
1.17 1
1.07 1
1.14 1
1.14 1
1.13 1
1.14 1
1.21 1
1.13 1
1.17 1
1.11 1
1.14 1
1.25 1
1.08 1
1.16 1
1.08 1
1.11 1
1.12 1
1.17 1
1.11 1
1.13 1
1.14 1
1.09 1
1.19 1
1.25 1
1.08 1
1.18 1
1.12 1
1.14 1
1.09 1
1.11 1
1.22 1
1.25 1
1.11 1
1.19 1
1.21 1
1.17 1
1.16 1
1.15 1
1.15 1
1.11 1
1.19 1
1.18 1
1.12 1
1.14 1
1.16 1
1.15 1
1.15 1
1.15 1
1.04 1
1.18 1
1.18 1
1.15 1
1.2 1
1.14 1
1.19 1
1.15 1
1.15 1
1.14 1
1.19 1
1.11 1
1.15 1
1.14 1
1.08 1
1.21 1
1.2 1
1.13 1
1.19 1
1.11 1
1.33 1
1.22 1
1.17 1
1.16 1
1.03 1
1.12 1
1.12 1
1.22 1
1.25 1
1.16 1
1.19 1
1.15 1
1.16 1
1.12 1
1.33 1
1.19 1
1.16 1
1.13 1
1.24 1
1.28 1
1.13 1
1.18 1
1.07 1
1.17 1
1.15 1
1.07 1
1.14 1
1.08 1
1.11 1
1.09 1
1.08 1
1.07 1
1.1 1
1.03 1
1.08 1
1.13 1
1.15 1
1.07 1
1.09 1
1.06 1
1.05 1
1.11 1
1.09 1
1.07 1
1.1 1
1.09 1
1.14 1
1.07 1
1.11 1
1.11 1
1.07 1
1.04 1
1.11 1
1.1 1
1.08 1
1.1 1
1.08 1
1.1 1
1.07 1
1.05 1
1.04 1
1.11 1
1.1 1
1.12 1
1.11 1
1.09 1
1.1 1
1.14 1
1.08 1
1.15 1
1.08 1
1.04 1
1.11 1
1.07 1
1.08 1
1.02 1
1.08 1
1.13 1
1.08 1
1.16 1
1.06 1
1.13 1
1.09 1
1.13 1
1.12 1
1.07 1
1.16 1
1.05 1
1.14 1
1.1 1
1.06 1
1.09 1
1.07 1
1.09 1
1.06 1
1.13 1
1.13 1
1.11 1
1.08 1
1.05 1
1.1 1
1.12 1
1.08 1
1.1 1
1.22 1
1.12 1
1.13 1
1.08 1
1.14 1
1.09 1
1.12 1
1.11 1
1.08 1
1.06 1
1.2 1
1.09 1
1.1 1
1.06 1
1.11 1
1.02 1
1.33 1
1.11 1
1.07 1
1.18 1
1.25 1
1.1 1
1.09 1
1.21 1
1.14 1
1.12 1
1.12 1
1.23 1
1.19 1
1.2 1
1.12 1
1.17 1
1.15 1
1.17 1
1.19 1
1.16 1
1.22 1
1.11 1
1.26 1
1.22 1
1.2 1
1.12 1
1.2 1
1.29 1
1.23 1
1.21 1
1.33 1
1.18 1
1.23 1
1.29 1
1.29 1
1.19 1
1.15 1
1.1 1
1.33 1
1.32 1
1.25 1
1.24 1
1.22 1
1.2 1
1.14 1
1.19 1
1.25 1
1.13 1
1.19 1
1.29 1
1.13 1
1.16 1
1.22 1
1.14 1
1.11 1
1.22 1
1.14 1
1.18 1
1.2 1
1.13 1
1.17 1
1.15 1
1.16 1
1.13 1
1.11 1
1.14 1
1.17 1
1.18 1
1.28 1
1.35 1
1.25 1
1.21 1
1.11 1
1.17 1
1.18 1
1.21 1
1.06 1
1.1 1
1.11 1
1.05 1
1.2 1
1.16 1
1.24 1
1.23 1
1.07 1
1.12 1
1.15 1
1.17 1
1.21 1
1.19 1
1.14 1
1.07 1
1.07 1
1.12 1
1.04 1
1.06 1
1.08 1
1.07 1
1.14 1
1.1 1
1.07 1
1.1 1
1.03 1
1.13 1
1.01 1
1.06 1
1.11 1
1.08 1
1.02 1
1.12 1
1.13 1
1.1 1
1.14 1
1.13 1
1.07 1
1.1 1
1.09 1
1.05 1
1.1 1
1.12 1
1.1 1
1.05 1
1.05 1
1.05 1
1.15 1
1.13 1
1.07 1
1.06 1
1.08 1
1.1 1
1.08 1
1.05 1
1.1 1
1.04 1
1.02 1
1.25 1
1.12 1
1.1 1
1.11 1
1.11 1
1.11 1
1.21 1
1.04 1
1.15 1
1.05 1
1.03 1
1.12 1
1.11 1
1.06 1
1.16 1
1.24 1
1.06 1
1.09 1
1.06 1
1.09 1
1.08 1
1.09 1
1.12 1
1.11 1
1.22 1
1.11 1
1.21 1
1.27 1
1.12 1
1.13 1
1.16 1
1.25 1
1.31 1
1.14 1
1.26 1
1.19 1
1.14 1
1.21 1
1.12 1
1.04 1
1.14 1
1.13 1
1.06 1
1.1 1
1.09 1
1.12 1
1.04 1
1.08 1
1.09 1
1.11 1
1.11 1
1.09 1
1.08 1
1.09 1
1.1 1
1.1 1
1.14 1
1.15 1
1.13 1
1.02 1
1.11 1
1.04 1
1.16 1
1.08 1
1.15 1
1.11 1
1.07 1
1.18 1
1.09 1
1.09 1
1.04 1
1.15 1
1.11 1
1.1 1
1.04 1
1.1 1
1.1 1
1.09 1
1.09 1
1.08 1
1.07 1
1.14 1
1.11 1
1.05 1
1.09 1
1.1 1
1.14 1
1.08 1
1.09 1
1.09 1
11.01 5
8.95 5
7.87 4
7.74 4
7.27 4
6.67 4
6.26 4
5.26 3
4.59 3
4.48 3
4.08 3
3.67 2
3.22 2
3.14 2
2.82 2
2.21 2
2.08 2
2.06 2
2.05 2
2.05 2
2.05 2
2.11 2
2.03 2
2.13 2
2.05 2
2.11 2
2.06 2
2.07 2
2.11 2
2.08 2
2.08 2
2.06 2
2.06 2
2.07 2
2.06 2
2.15 2
2.15 2
2.06 2
2.12 2
2.05 2
2.09 2
2.07 2
2.08 2
2.08 2
2.06 2
2.07 2
2.06 2
2.04 2
2.09 2
2.07 2
2.04 2
2.12 2
2.07 2
2.08 2
2.06 2
2.12 2
2.02 2
2.12 2
2.11 2
2.07 2
2.1 2
2.05 2
2.09 2
2.11 2
2.03 2
2.09 2
2.1 2
2.09 2
2.07 2
2.07 2
2.07 2
2.06 2
2.08 2
2.1 2
2.06 2
2.04 2
2.11 2
2.07 2
2.07 2
2.08 2
2.08 2
2.07 2
2.06 2
2.09 2
2.07 2
2.05 2
2.06 2
2.09 2
2.06 2
2.12 2
2.08 2
2.09 2
2.06 2
2.05 2
2.13 2
2.08 2
2.07 2
2.05 2
2.12 2
2.11 2
2.1 2
2.09 2
2.04 2
2.08 2
2.08 2
2.12 2
2.07 2
2.17 2
2.1 2
2.09 2
2.1 2
2.11 2
2.08 2
2.1 2
2.1 2
2.07 2
2.09 2
2.1 2
2.03 2
2.05 2
2.04 2
2.06 2
2.1 2
2.1 2
2.15 2
2.14 2
2.14 2
2.01 2
2.1 2
2.08 2
2.1 2
2.08 2
2.05 2
2.12 2
2.08 2
2.05 2
2.07 2
2.04 2
2.09 2
2.06 2
2.1 2
2.03 2
2.1 2
2.07 2
2.07 2
2.08 2
2.08 2
2.06 2
2.06 2
2.06 2
2.08 2
2.08 2
2.08 2
2.06 2
2.17 2
2.07 2
2.15 2
2.12 2
2.1 2
2.12 2
2.07 2
2.07 2
2.1 2
2.05 2
2.1 2
2.04 2
2.12 2
2.13 2
2.06 2
2.08 2
2.09 2
2.09 2
2.11 2
2.05 2
2.1 2
2.09 2
2.03 2
5.01 1
3.51 1
3.18 1
2.51 0
2.38 0
2.53 0
2.7 0
2.29 0
1.26 0
0.53 0
0.27 0
0.41 0
0.09 0
0.06 0
0.06 0
0.07 0
0.08 0
0.08 0
0.04 0
0.04 0
0.07 0
0.08 0
0.08 0
0.07 0
0.06 0
0.05 0
0.07 0
0.08 0
0.05 0
0.06 0
0.07 0
0.09 0
0.05 0
0.04 0
0.06 0
0.07 0
0.1 0
0.07 0
0.02 0
0.09 0
0.09 0
0.07 0
0.03 0
0.0 0
0.07 0
0.05 0
0.09 0
0.07 0
0.05 0
0.07 0
0.06 0
0.03 0
0.03 0
0.05 0
0.05 0
0.08 0
0.01 0
0.08 0
0.09 0
0.09 0
0.05 0
0.05 0
0.11 0
0.1 0
0.24 0
0.11 0
0.11 0
0.05 0
0.1 0
0.05 0
0.08 0
0.08 0
0.08 0
0.09 0
0.08 0
0.06 0
0.03 0
0.05 0
0.04 0
0.05 0
0.05 0
0.1 0
0.06 0
0.07 0
0.08 0
0.05 0
0.08 0
0.09 0
0.02 0
0.06 0
0.06 0
0.06 0
0.07 0
0.07 0
0.1 0
0.11 0
0.1 0
0.08 0
0.06 0
0.09 0
0.05 0
0.08 0
0.07 0
0.07 0
0.05 0
0.05 0
0.08 0
0.05 0
0.22 0
0.12 0
0.11 0
0.08 0
0.03 0
0.08 0
0.09 0
0.07 0
0.08 0
0.09 0
0.09 0
0.07 0
0.06 0
0.05 0
0.06 0
0.11 0
0.08 0
0.07 0
0.04 0
0.11 0
0.05 0
0.02 0
0.13 0
0.04 0
0.04 0
0.07 0
0.04 0
0.04 0
0.06 0
0.04 0
0.04 0
0.03 0
0.1 0
0.12 0
0.07 0
0.08 0
0.05 0
0.06 0
0.06 0
0.1 0
0.04 0
0.06 0
0.06 0
0.03 0
0.11 0
0.08 0
0.06 0
0.0 0
0.09 0
0.05 0
0.08 0
0.07 0
0.11 0
0.06 0
0.09 0
0.08 0
0.08 0
0.06 0
0.05 0
0.03 0
0.11 0
0.07 0
0.07 0
0.06 0
0.06 0
0.08 0
0.03 0
0.08 0
0.08 0
0.04 0
0.12 0
0.07 0
0.09 0
0.05 0
0.13 0
0.07 0
0.02 0
0.03 0
0.05 0
0.04 0
0.02 0
0.06 0
0.09 0
0.06 0
0.09 0
0.04 0
0.1 0
0.08 0
0.06 0
0.06 0
0.09 0
0.08 0
0.06 0
0.07 0
0.03 0
0.08 0
0.1 0
0.08 0
0.03 0
0.06 0
0.07 0
0.05 0
0.07 0
0.07 0
0.06 0
0.02 0
0.14 0
0.08 0
0.04 0
0.08 0
0.07 0
0.04 0
0.05 0
0.08 0
0.08 0
0.07 0
0.03 0
0.05 0
0.07 0
0.09 0
0.03 0
0.08 0
0.06 0
0.09 0
0.06 0
0.06 0
0.07 0
0.07 0
0.05 0
0.12 0
0.1 0
0.09 0
0.05 0
0.11 0
0.08 0
0.07 0
0.09 0
0.05 0
0.08 0
0.07 0
0.09 0
0.07 0
0.1 0
0.05 0
0.1 0
0.09 0
0.04 0
0.06 0
0.08 0
0.05 0
0.03 0
0.07 0
0.03 0
0.03 0
0.08 0
0.11 0
0.06 0
0.06 0
0.1 0
0.08 0
0.01 0
0.06 0
0.08 0
0.06 0
0.05 0
0.09 0
0.06 0
0.09 0
0.04 0
0.07 0
0.09 0
0.08 0
0.04 0
0.06 0
0.04 0
0.08 0
0.05 0
0.09 0
0.06 0
0.09 0
0.06 0
0.09 0
0.06 0
0.07 0
0.06 0
0.06 0
0.06 0
0.11 0
0.07 0
0.06 0
0.06 0
0.09 0
0.07 0
0.09 0
0.04 0
0.05 0
0.01 0
0.02 0
0.05 0
0.02 0
0.05 0
0.06 0
0.08 0
0.11 0
0.07 0
0.08 0
0.08 0
0.05 0
0.06 0
0.03 0
0.03 0
0.09 0
0.06 0
0.1 0
0.06 0
0.11 0
0.0 0
0.08 0
0.09 0
0.06 0
0.08 0
0.06 0
0.04 0
0.08 0
0.06 0
0.15 0
0.05 0
0.04 0
0.1 0
0.04 0
0.05 0
0.02 0
0.05 0
0.07 0
0.08 0
0.09 0
0.09 0
0.02 0
0.11 0
0.03 0
0.07 0
0.1 0
0.07 0
0.05 0
0.02 0
0.09 0
0.06 0
0.12 0
0.09 0
0.08 0
0.08 0
0.08 0
0.04 0
0.06 0
0.06 0
0.15 0
0.08 0
0.03 0
0.04 0
0.09 0
0.08 0
0.06 0
0.08 0
0.07 0
0.06 0
0.01 0
0.06 0
0.07 0
0.06 0
0.04 0
0.03 0
0.05 0
0.09 0
0.09 0
0.14 0
0.06 0
0.07 0
0.07 0
0.03 0
0.05 0
0.1 0
0.06 0
0.07 0
0.11 0
0.1 0
0.05 0
0.09 0
0.07 0
0.03 0
0.02 0
0.11 0
0.06 0
0.08 0
0.08 0
0.07 0
0.05 0
0.1 0
0.07 0
0.11 0
0.03 0
0.09 0
0.07 0
0.04 0
0.04 0
0.03 0
0.04 0
0.06 0
0.05 0
0.11 0
0.04 0
0.04 0
0.06 0
0.09 0
0.05 0
0.05 0
0.06 0
0.09 0
0.08 0
0.05 0
0.09 0
0.06 0
0.07 0
0.1 0
0.05 0
0.07 0
0.05 0
0.11 0
0.06 0
0.08 0
0.03 0
0.08 0
0.05 0
0.07 0
0.05 0
0.07 0
0.05 0
0.07 0
0.08 0
0.07 0
0.06 0
0.1 0
0.07 0
0.09 0
0.08 0
0.07 0
0.07 0
0.05 0
0.05 0
0.05 0
0.09 0
0.08 0
0.05 0
0.08 0
0.03 0
0.09 0
0.08 0
0.12 0
0.03 0
0.06 0
0.07 0
0.09 0
0.06 0
0.03 0
0.06 0
0.08 0
0.09 0
0.09 0
0.05 0
0.1 0
0.08 0
0.07 0
0.11 0
0.05 0
0.01 0
0.08 0
0.05 0
0.08 0
0.1 0
0.0 0
0.1 0
0.09 0
0.08 0
0.07 0
0.29 0
0.08 0
0.08 0
0.1 0
0.07 0
0.11 0
0.06 0
0.1 0
0.09 0
0.04 0
0.05 0
0.1 0
0.04 0
0.07 0
0.09 0
0.09 0
0.06 0
0.03 0
0.04 0
0.08 0
0.08 0
0.08 0
0.07 0
0.06 0
0.03 0
0.07 0
0.08 0
0.05 0
0.12 0
0.05 0
0.0 0
0.07 0
0.08 0
0.05 0
0.04 0
0.03 0
0.04 0
0.02 0
0.09 0
0.09 0
0.04 0
0.09 0
0.03 0
0.17 0
0.03 0
0.07 0
0.1 0
0.08 0
0.06 0
0.07 0
0.1 0
0.03 0
0.08 0
0.07 0
0.03 0
0.04 0
0.04 0
0.07 0
0.03 0
0.03 0
0.11 0
0.05 0
0.08 0
0.03 0
0.07 0
0.03 0
0.05 0
0.08 0
0.1 0
0.09 0
0.06 0
0.07 0
0.06 0
0.07 0
0.06 0
0.03 0
0.06 0
0.05 0
0.03 0
0.11 0
0.06 0
0.06 0
0.04 0
0.05 0
0.06 0
0.03 0
0.06 0
0.09 0
0.05 0
0.01 0
0.06 0
0.04 0
0.07 0
0.1 0
0.09 0
0.1 0
0.06 0
0.03 0
0.08 0
0.11 0
0.11 0
0.07 0
0.05 0
0.08 0
0.09 0
0.07 0
0.03 0
0.07 0
0.1 0
0.09 0
0.08 0
0.07 0
0.07 0
0.06 0
0.04 0
0.1 0
0.07 0
0.04 0
0.07 0
0.11 0
0.11 0
0.05 0
0.07 0
0.06 0
0.09 0
0.07 0
0.04 0
0.07 0
0.08 0
0.07 0
0.07 0
0.08 0
0.07 0
0.06 0
0.05 0
0.11 0
0.06 0
0.09 0
0.0 0
0.03 0
0.08 0
0.03 0
0.06 0
0.11 0
0.06 0
0.1 0
0.08 0
0.07 0
0.02 0
0.07 0
0.03 0
0.05 0
0.11 0
0.08 0
0.1 0
0.04 0
0.05 0
0.04 0
0.06 0
0.04 0
0.11 0
0.04 0
0.05 0
0.06 0
0.07 0
0.07 0
0.09 0
0.06 0
0.1 0
0.06 0
0.1 0
0.05 0
0.09 0
0.07 0
0.05 0
0.03 0
0.06 0
0.05 0
0.07 0
0.04 0
0.07 0
0.06 0
0.08 0
0.1 0
0.01 0
0.06 0
0.09 0
0.06 0
0.08 0
0.03 0
0.05 0
0.06 0
0.07 0
0.11 0
0.08 0
0.07 0
0.07 0
0.07 0
0.09 0
0.07 0
0.05 0
0.07 0
0.02 0
0.09 0
0.05 0
0.1 0
0.06 0
0.04 0
0.05 0
0.04 0
0.05 0
0.07 0
0.06 0
0.09 0
0.07 0
0.09 0
0.09 0
0.03 0
0.05 0
0.07 0
0.07 0
0.06 0
0.11 0
0.06 0
0.08 0
0.08 0
0.06 0
0.06 0
0.07 0
0.09 0
0.04 0
0.08 0
0.01 0
0.07 0
0.05 0
0.08 0
0.09 0
0.04 0
0.03 0
0.05 0
0.09 0
0.05 0
0.1 0
0.09 0
0.03 0
0.1 0
0.08 0
0.06 0
0.1 0
0.09 0
0.04 0
0.05 0
0.08 0
0.08 0
0.09 0
0.09 0
0.04 0
0.09 0
0.03 0
0.08 0
0.06 0
0.09 0
0.06 0
0.09 0
0.04 0
0.06 0
0.1 0
0.06 0
0.06 0
0.08 0
0.03 0
0.07 0
0.06 0
0.09 0
0.06 0
0.1 0
0.04 0
0.09 0
0.13 0
0.07 0
0.06 0
0.08 0
0.08 0
0.08 0
0.13 0
0.03 0
0.05 0
0.07 0
0.05 0
0.04 0
0.08 0
0.06 0
0.06 0
0.02 0
0.05 0
0.06 0
0.08 0
0.06 0
0.03 0
0.05 0
0.06 0
0.06 0
0.07 0
0.04 0
0.08 0
0.05 0
0.05 0
0.07 0
0.06 0
0.04 0
0.07 0
0.14 0
0.05 0
0.09 0
0.08 0
0.07 0
0.05 0
0.07 0
0.07 0
0.08 0
0.04 0
0.08 0
0.05 0
0.07 0
0.07 0
0.04 0
0.1 0
0.07 0
0.07 0
0.05 0
0.09 0
0.06 0
0.05 0
0.06 0
0.05 0
0.06 0
0.02 0
0.09 0
0.09 0
0.05 0
0.07 0
0.05 0
0.02 0
0.06 0
0.07 0
0.05 0
0.11 0
0.05 0
0.1 0
0.06 0
0.09 0
0.05 0
0.04 0
0.07 0
0.07 0
0.1 0
0.02 0
0.06 0
0.07 0
0.1 0
0.07 0
0.04 0
0.02 0
0.07 0
0.07 0
0.03 0
0.1 0
0.09 0
0.07 0
0.07 0
0.08 0
0.08 0
0.08 0
0.02 0
0.05 0
0.09 0
0.08 0
0.06 0
0.07 0
0.12 0
0.04 0
0.04 0
0.07 0
0.04 0
0.08 0
0.05 0
0.07 0
0.05 0
0.06 0
0.07 0
0.08 0
0.09 0
0.07 0
0.02 0
0.08 0
0.07 0
0.08 0
0.06 0
0.06 0
0.03 0
0.05 0
0.13 0
0.06 0
0.05 0
0.05 0
0.08 0
0.08 0
0.07 0
0.06 0
0.07 0
0.05 0
0.04 0
0.06 0
0.1 0
0.03 0
0.03 0
0.07 0
0.08 0
0.07 0
0.1 0
0.1 0
0.05 0
0.06 0
0.1 0
0.08 0
0.03 0
0.04 0
0.08 0
0.06 0
0.03 0
0.08 0
0.09 0
0.03 0
0.18 0
0.06 0
0.05 0
0.1 0
0.03 0
0.05 0
0.12 0
0.07 0
0.02 0
0.02 0
0.07 0
0.02 0
0.07 0
0.05 0
0.09 0
0.2 0
0.08 0
0.07 0
0.09 0
0.06 0
0.06 0
0.04 0
0.06 0
0.03 0
0.05 0
0.07 0
0.02 0
0.09 0
0.08 0
0.08 0
0.08 0
0.07 0
0.06 0
0.03 0
0.08 0
0.04 0
0.09 0
0.06 0
0.07 0
0.12 0
0.07 0
0.06 0
0.06 0
0.07 0
0.11 0
0.05 0
0.05 0
0.02 0
0.03 0
0.05 0
0.07 0
0.03 0
0.06 0
0.05 0
0.05 0
0.06 0
0.07 0
0.05 0
0.05 0
0.08 0
0.08 0
0.08 0
0.04 0
0.07 0
0.07 0
0.1 0
0.06 0
0.06 0
0.12 0
0.11 0
0.09 0
0.04 0
0.03 0
0.06 0
0.04 0
0.06 0
0.08 0
0.11 0
0.09 0
0.07 0
0.08 0
0.07 0
0.07 0
0.05 0
0.06 0
0.08 0
0.04 0
0.07 0
0.04 0
0.1 0
0.03 0
0.06 0
0.09 0
0.09 0
0.05 0
0.05 0
0.06 0
0.06 0
0.06 0
0.07 0
0.02 0
0.07 0
0.06 0
0.04 0
0.04 0
0.03 0
0.09 0
0.32 0
0.07 0
0.03 0
0.06 0
0.07 0
0.03 0
0.07 0
0.09 0
0.07 0
0.07 0
0.07 0
0.06 0
0.08 0
0.07 0
0.09 0
0.05 0
0.03 0
0.08 0
0.03 0
0.08 0
0.03 0
0.05 0
0.16 0
0.07 0
0.06 0
0.06 0
0.01 0
0.04 0
0.07 0
0.03 0
0.03 0
0.09 0
0.09 0
0.05 0
0.07 0
0.08 0
0.07 0
0.07 0
0.06 0
0.09 0
0.05 0
0.03 0
0.05 0
0.05 0
0.04 0
0.06 0
0.08 0
0.04 0
0.05 0
0.05 0
0.08 0
0.03 0
0.09 0
0.05 0
0.11 0
0.08 0
0.04 0
0.07 0
0.06 0
0.1 0
0.1 0
0.03 0
0.1 0
0.05 0
0.03 0
0.06 0
0.05 0
0.06 0
0.07 0
0.06 0
0.06 0
0.1 0
0.04 0
0.11 0
0.05 0
0.06 0
0.05 0
0.08 0
0.09 0
0.07 0
0.08 0
0.06 0
0.04 0
0.05 0
0.02 0
0.06 0
0.07 0
0.07 0
0.03 0
0.1 0
0.1 0
0.08 0
0.05 0
0.06 0
0.08 0
0.09 0
0.06 0
0.06 0
0.07 0
0.03 0
0.05 0
0.08 0
0.07 0
0.05 0
0.1 0
0.03 0
0.05 0
0.07 0
0.08 0
0.07 0
0.07 0
0.09 0
0.09 0
0.04 0
0.08 0
0.1 0
0.09 0
0.05 0
0.12 0
0.1 0
0.08 0
0.11 0
0.06 0
0.08 0
0.05 0
0.09 0
0.05 0
0.09 0
0.09 0
0.07 0
0.1 0
0.04 0
0.3 0
0.03 0
0.07 0
0.08 0
0.04 0
0.07 0
0.12 0
0.12 0
0.1 0
0.08 0
0.1 0
0.07 0
0.07 0
0.05 0
0.05 0
0.07 0
0.08 0
0.06 0
0.04 0
0.07 0
0.04 0
0.07 0
0.08 0
0.09 0
0.05 0
0.01 0
0.08 0
0.03 0
0.09 0
0.07 0
0.05 0
0.11 0
0.07 0
0.07 0
0.07 0
0.01 0
0.09 0
0.06 0
0.05 0
0.04 0
0.08 0
0.07 0
0.05 0
0.1 0
0.09 0
0.07 0
0.11 0
0.03 0
0.05 0
0.04 0
0.11 0
0.1 0
0.1 0
0.11 0
0.09 0
0.07 0
0.05 0
0.08 0
0.09 0
0.06 0
0.06 0
0.01 0
0.02 0
0.07 0
0.0 0
0.06 0
0.05 0
0.09 0
0.08 0
0.03 0
0.13 0
0.08 0
0.07 0
0.05 0
0.1 0
0.08 0
0.06 0
0.09 0
0.08 0
0.03 0
0.05 0
0.04 0
0.11 0
0.07 0
0.06 0
0.05 0
0.08 0
0.06 0
0.05 0
0.1 0
0.08 0
0.09 0
0.08 0
0.1 0
0.04 0
0.09 0
0.08 0
0.05 0
0.07 0
0.1 0
0.09 0
0.06 0
0.09 0
0.04 0
0.12 0
0.04 0
0.08 0
0.07 0
0.07 0
0.08 0
0.03 0
0.06 0
0.06 0
0.11 0
0.08 0
0.06 0
0.07 0
0.02 0
0.1 0
0.07 0
0.04 0
0.04 0
0.05 0
0.06 0
0.09 0
0.09 0
0.05 0
0.08 0
0.08 0
0.11 0
0.05 0
0.04 0
0.1 0
0.11 0
0.08 0
0.03 0
0.1 0
0.02 0
0.03 0
0.08 0
0.1 0
0.09 0
0.03 0
0.06 0
0.09 0
0.07 0
0.09 0
0.07 0
0.06 0
0.1 0
0.06 0
0.11 0
0.03 0
0.05 0
0.05 0
0.05 0
0.06 0
0.06 0
0.07 0
0.05 0
0.06 0
0.07 0
0.05 0
0.07 0
0.08 0
0.04 0
0.05 0
0.06 0
0.08 0
0.09 0
0.07 0
0.1 0
0.04 0
0.08 0
0.06 0
0.05 0
0.09 0
0.08 0
0.03 0
0.03 0
0.07 0
0.1 0
0.06 0
0.08 0
0.06 0
0.07 0
0.07 0
0.03 0
0.08 0
0.09 0
0.05 0
0.04 0
0.09 0
0.11 0
0.08 0
0.07 0
0.11 0
0.05 0
0.03 0
0.08 0
0.03 0
0.04 0
0.07 0
0.05 0
0.07 0
0.07 0
0.08 0
0.06 0
0.05 0
0.1 0
0.05 0
0.06 0
0.05 0
0.07 0
0.04 0
0.08 0
0.03 0
0.05 0
0.06 0
0.05 0
0.07 0
0.06 0
0.06 0
0.08 0
0.03 0
0.08 0
0.06 0
0.09 0
0.05 0
0.06 0
0.06 0
0.07 0
0.05 0
0.03 0
0.07 0
0.12 0
0.06 0
0.06 0
0.09 0
0.09 0
0.07 0
0.08 0
0.08 0
0.07 0
0.04 0
0.02 0
0.04 0
0.03 0
0.08 0
0.13 0
0.11 0
0.04 0
0.06 0
0.08 0
0.03 0
0.05 0
0.05 0
0.04 0
0.02 0
0.05 0
0.07 0
0.09 0
0.07 0
0.08 0
0.05 0
0.04 0
0.11 0
0.09 0
0.11 0
0.06 0
0.05 0
0.08 0
0.1 0
0.07 0
0.11 0
0.06 0
0.08 0
0.06 0
0.06 0
0.07 0
0.06 0
0.05 0
0.07 0
0.02 0
0.03 0
0.03 0
0.07 0
0.07 0
0.07 0
0.04 0
0.08 0
0.07 0
0.09 0
0.05 0
0.03 0
0.07 0
0.07 0
0.04 0
0.08 0
0.08 0
0.03 0
0.07 0
0.04 0
0.07 0
0.06 0
0.12 0
0.05 0
0.03 0
0.03 0
0.12 0
0.05 0
0.08 0
0.04 0
0.04 0
0.08 0
0.03 0
0.06 0
0.05 0
0.12 0
0.1 0
0.03 0
0.09 0
0.03 0
0.11 0
0.08 0
0.06 0
0.06 0
0.05 0
0.07 0
0.07 0
0.04 0
0.07 0
0.09 0
0.04 0
0.07 0
0.19 0
0.08 0
0.03 0
0.07 0
0.05 0
0.1 0
0.07 0
0.08 0
0.06 0
0.03 0
0.04 0
0.09 0
0.07 0
0.05 0
0.08 0
0.06 0
0.07 0
0.1 0
0.05 0
0.07 0
0.05 0
0.03 0
0.06 0
0.09 0
0.07 0
0.08 0
0.07 0
0.09 0
0.04 0
0.08 0
0.06 0
0.09 0
0.06 0
0.05 0
0.07 0
0.06 0
0.1 0
0.11 0
0.06 0
0.05 0
0.06 0
0.09 0
0.06 0
0.07 0
0.07 0
0.07 0
0.03 0
0.07 0
0.03 0
0.08 0
0.1 0
0.03 0
0.06 0
0.04 0
0.03 0
0.16 0
0.1 0
0.08 0
0.09 0
0.1 0
0.04 0
0.11 0
0.06 0
0.07 0
0.07 0
0.08 0
0.01 0
0.14 0
0.09 0
0.15 0
0.04 0
0.08 0
0.06 0
0.03 0
0.04 0
0.12 0
0.08 0
0.05 0
0.07 0
0.07 0
0.14 0
0.1 0
0.07 0
0.04 0
0.1 0
0.04 0
0.06 0
0.11 0
0.06 0
0.11 0
0.03 0
0.09 0
0.07 0
0.06 0
0.08 0
0.11 0
0.08 0
0.05 0
0.1 0
0.08 0
0.05 0
0.07 0
0.04 0
0.05 0
0.02 0
0.12 0
0.05 0
0.09 0
0.09 0
0.05 0
0.08 0
0.03 0
0.05 0
0.06 0
0.05 0
0.06 0
0.07 0
0.1 0
0.07 0
0.04 0
0.05 0
0.04 0
0.03 0
0.06 0
0.06 0
0.06 0
0.06 0
0.04 0
0.11 0
0.12 0
0.03 0
0.08 0
0.08 0
0.08 0
0.05 0
0.12 0
0.04 0
0.13 0
0.08 0
0.09 0
0.02 0
0.05 0
0.1 0
0.05 0
0.06 0
0.03 0
0.04 0
0.08 0
0.06 0
0.03 0
0.08 0
0.08 0
0.08 0
0.08 0
0.05 0
0.1 0
0.1 0
0.03 0
0.06 0
0.08 0
0.05 0
0.08 0
0.05 0
0.02 0
0.08 0
0.11 0
0.09 0
0.08 0
0.06 0
0.09 0
0.09 0
0.1 0
0.1 0
0.09 0
0.1 0
0.03 0
0.03 0
0.09 0
0.01 0
0.05 0
0.14 0
0.0 0
0.05 0
0.04 0
0.04 0
0.03 0
0.06 0
0.06 0
0.01 0
0.06 0
0.03 0
0.06 0
0.07 0
0.1 0
0.12 0
0.01 0
0.09 0
0.04 0
0.1 0
0.05 0
0.02 0
0.08 0
0.03 0
0.08 0
0.04 0
0.06 0
0.05 0
0.06 0
0.06 0
0.07 0
0.07 0
0.09 0
0.05 0
0.07 0
0.05 0
0.06 0
0.09 0
0.04 0
0.01 0
0.04 0
0.08 0
0.07 0
0.03 0
0.07 0
0.04 0
0.07 0
0.05 0
0.04 0
0.07 0
0.07 0
0.08 0
0.11 0
0.08 0
0.03 0
0.05 0
0.07 0
0.07 0
0.06 0
0.09 0
0.05 0
0.09 0
0.06 0
0.12 0
0.1 0
0.03 0
0.06 0
0.06 0
0.13 0
0.03 0
0.08 0
0.06 0
0.07 0
0.05 0
0.04 0
0.03 0
0.03 0
0.07 0
0.1 0
0.08 0
0.04 0
0.1 0
0.11 0
0.07 0
0.06 0
0.13 0
0.04 0
0.06 0
0.09 0
0.09 0
0.07 0
0.02 0
0.11 0
0.04 0
0.06 0
0.12 0
0.03 0
0.04 0
0.09 0
0.08 0
0.05 0
0.05 0
0.08 0
0.05 0
0.08 0
0.11 0
0.03 0
0.1 0
0.04 0
0.05 0
0.05 0
0.04 0
0.12 0
0.03 0
0.07 0
0.09 0
0.05 0
0.04 0
0.08 0
0.07 0
0.11 0
0.06 0
0.09 0
0.09 0
0.11 0
0.05 0
0.06 0
0.03 0
0.03 0
0.09 0
0.07 0
0.06 0
0.08 0
0.08 0
0.04 0
0.06 0
0.07 0
0.01 0
0.09 0
0.03 0
0.09 0
0.06 0
0.08 0
0.02 0
0.02 0
0.04 0
0.03 0
0.06 0
0.07 0
0.08 0
0.08 0
0.05 0
0.07 0
0.04 0
0.07 0
0.08 0
0.07 0
0.08 0
0.08 0
0.06 0
0.08 0
0.07 0
0.08 0
0.09 0
0.08 0
0.06 0
0.05 0
0.06 0
0.06 0
0.07 0
0.04 0
0.09 0
0.06 0
0.1 0
0.06 0
0.07 0
0.1 0
0.1 0
0.04 0
0.08 0
0.1 0
0.03 0
0.1 0
0.07 0
0.07 0
0.03 0
0.08 0
0.08 0
0.03 0
0.0 0
0.12 0
0.03 0
0.07 0
0.06 0
0.06 0
0.1 0
0.06 0
0.03 0
0.04 0
0.14 0
0.07 0
0.1 0
0.05 0
0.08 0
0.02 0
0.04 0
0.07 0
0.06 0
0.06 0
0.06 0
0.1 0
0.06 0
0.09 0
0.08 0
0.05 0
0.07 0
0.09 0
0.06 0
0.09 0
0.08 0
0.07 0
0.09 0
0.09 0
0.04 0
0.04 0
0.07 0
0.07 0
0.08 0
0.07 0
0.04 0
0.07 0
0.01 0
0.1 0
0.06 0
0.1 0
0.05 0
0.1 0
0.07 0
0.07 0
0.09 0
0.07 0
0.07 0
0.07 0
0.07 0
0.06 0
0.1 0
0.06 0
0.06 0
0.04 0
0.05 0
0.08 0
0.14 0
0.04 0
0.07 0
0.1 0
0.08 0
0.06 0
0.06 0
0.05 0
0.09 0
0.09 0
0.02 0
0.07 0
0.08 0
0.06 0
0.04 0
0.1 0
0.08 0
0.08 0
0.08 0
0.11 0
0.06 0
0.08 0
0.02 0
0.07 0
0.03 0
0.07 0
0.05 0
0.07 0
0.03 0
0.1 0
0.01 0
0.04 0
0.06 0
0.08 0
0.05 0
0.07 0
0.04 0
0.06 0
0.05 0
0.11 0
0.1 0
0.12 0
0.05 0
0.08 0
0.05 0
0.05 0
0.03 0
0.08 0
0.08 0
0.05 0
0.08 0
0.03 0
0.03 0
0.07 0
0.02 0
0.1 0
0.1 0
0.07 0
0.07 0
0.05 0
0.08 0
0.08 0
0.11 0
0.07 0
0.06 0
0.1 0
0.04 0
0.02 0
0.07 0
0.05 0
0.04 0
0.09 0
0.06 0
0.05 0
0.08 0
0.17 0
0.08 0
0.1 0
0.1 0
0.02 0
0.06 0
0.06 0
0.06 0
0.02 0
0.11 0
0.08 0
0.02 0
0.06 0
0.1 0
0.05 0
0.08 0
0.05 0
0.06 0
0.07 0
0.07 0
0.06 0
0.01 0
0.07 0
0.08 0
0.04 0
0.1 0
0.06 0
0.13 0
0.08 0
0.06 0
0.07 0
0.08 0
0.03 0
0.11 0
0.09 0
0.06 0
0.07 0
0.11 0
0.08 0
0.06 0
0.06 0
0.08 0
0.06 0
0.08 0
0.07 0
0.08 0
0.06 0
0.08 0
0.09 0
0.06 0
0.06 0
0.08 0
0.05 0
0.07 0
0.06 0
0.08 0
0.02 0
0.1 0
0.04 0
0.05 0
0.07 0
0.16 0
0.03 0
0.02 0
0.1 0
0.06 0
0.05 0
0.03 0
0.06 0
0.09 0
0.05 0
0.04 0
0.08 0
0.09 0
0.03 0
0.04 0
0.05 0
0.07 0
0.2 0
0.09 0
0.1 0
0.11 0
0.1 0
0.06 0
0.04 0
0.01 0
0.05 0
0.07 0
0.09 0
0.03 0
0.04 0
0.03 0
0.07 0
0.07 0
0.03 0
0.08 0
0.02 0
0.06 0
0.1 0
0.08 0
0.05 0
0.05 0
0.07 0
0.06 0
0.09 0
0.05 0
0.05 0
0.07 0
0.05 0
0.11 0
0.07 0
0.09 0
0.05 0
0.08 0
0.07 0
0.06 0
0.09 0
0.06 0
0.06 0
0.06 0
0.06 0
0.08 0
0.07 0
0.03 0
0.08 0
0.03 0
0.07 0
0.07 0
0.05 0
0.02 0
0.03 0
0.03 0
0.08 0
0.04 0
0.04 0
0.1 0
0.07 0
0.06 0
0.07 0
0.01 0
0.03 0
0.05 0
0.07 0
0.09 0
0.05 0
0.05 0
0.08 0
0.06 0
0.1 0
0.02 0
0.05 0
0.07 0
0.03 0
0.09 0
0.1 0
0.05 0
0.08 0
0.09 0
0.06 0
0.05 0
0.1 0
0.02 0
0.08 0
0.08 0
0.06 0
0.07 0
0.05 0
0.06 0
0.06 0
0.09 0
0.08 0
0.06 0
0.05 0
0.07 0
0.1 0
0.07 0
0.07 0
0.13 0
0.09 0
0.06 0
0.05 0
0.06 0
0.07 0
0.07 0
0.06 0
0.04 0
0.08 0
0.01 0
0.05 0
0.09 0
0.08 0
0.08 0
0.11 0
0.05 0
0.08 0
0.04 0
0.1 0
0.05 0
0.09 0
0.06 0
0.09 0
0.05 0
0.04 0
0.06 0
0.05 0
0.03 0
0.06 0
0.07 0
0.03 0
0.15 0
0.02 0
0.11 0
0.1 0
0.03 0
0.04 0
0.05 0
0.08 0
0.07 0
0.05 0
0.07 0
0.04 0
0.06 0
0.12 0
0.07 0
0.04 0
0.06 0
0.09 0
0.13 0
0.07 0
0.09 0
0.06 0
0.03 0
0.14 0
0.25 0
0.05 0
0.05 0
0.06 0
0.1 0
0.02 0
0.06 0
0.08 0
0.04 0
0.1 0
0.05 0
0.05 0
0.08 0
0.06 0
0.06 0
0.02 0
0.04 0
0.08 0
0.05 0
0.05 0
0.07 0
0.12 0
0.02 0
0.12 0
0.03 0
0.05 0
0.08 0
0.02 0
0.05 0
0.03 0
0.11 0
0.06 0
0.09 0
0.19 0
0.03 0
0.08 0
0.07 0
0.08 0
0.04 0
0.05 0
0.07 0
0.04 0
0.11 0
0.07 0
0.1 0
0.02 0
0.06 0
0.03 0
0.04 0
0.09 0
0.03 0
0.04 0
0.17 0
0.11 0
0.04 0
0.06 0
0.09 0
0.1 0
0.07 0
0.08 0
0.1 0
0.07 0
0.05 0
0.09 0
0.05 0
0.05 0
0.06 0
0.08 0
0.06 0
0.09 0
0.09 0
0.06 0
0.02 0
0.1 0
0.05 0
0.07 0
0.02 0
0.11 0
0.0 0
0.08 0
0.07 0
0.08 0
0.08 0
0.05 0
0.07 0
0.04 0
0.09 0
0.12 0
0.05 0
0.07 0
0.07 0
0.03 0
0.09 0
0.08 0
0.04 0
0.04 0
0.05 0
0.07 0
0.1 0
0.1 0
0.1 0
0.08 0
0.06 0
0.02 0
0.06 0
0.04 0
0.08 0
0.07 0
0.05 0
0.05 0
0.03 0
0.03 0
0.06 0
0.07 0
0.05 0
0.07 0
0.06 0
0.05 0
0.05 0
0.03 0
0.07 0
0.08 0
0.02 0
0.09 0
0.08 0
0.11 0
0.06 0
0.04 0
0.08 0
0.06 0
0.06 0
0.07 0
0.09 0
0.08 0
0.09 0
0.08 0
0.06 0
0.11 0
0.03 0
0.09 0
0.04 0
0.04 0
0.08 0
0.08 0
0.09 0
0.03 0
0.11 0
0.08 0
0.09 0
0.05 0
0.02 0
0.05 0
0.04 0
0.1 0
0.06 0
0.05 0
0.08 0
0.11 0
0.07 0
0.08 0
0.06 0
0.03 0
0.04 0
0.1 0
0.09 0
0.01 0
0.06 0
0.08 0
0.08 0
0.04 0
0.12 0
0.08 0
0.07 0
0.08 0
0.08 0
0.05 0
0.07 0
0.08 0
0.0 0
0.05 0
0.07 0
0.03 0
0.09 0
0.04 0
0.05 0
0.1 0
0.05 0
0.09 0
0.05 0
0.0 0
0.06 0
0.07 0
0.02 0
0.06 0
0.04 0
0.05 0
0.05 0
0.07 0
0.04 0
0.1 0
0.11 0
0.05 0
0.05 0
0.08 0
0.08 0
0.18 0
0.08 0
0.1 0
0.06 0
0.08 0
0.06 0
0.12 0
0.09 0
0.06 0
0.07 0
0.07 0
0.12 0
0.02 0
0.05 0
0.09 0
0.09 0
0.06 0
0.05 0
0.09 0
0.06 0
0.05 0
0.08 0
0.06 0
0.05 0
0.09 0
0.06 0
0.1 0
0.05 0
0.1 0
0.03 0
0.03 0
0.06 0
0.07 0
0.03 0
0.12 0
0.08 0
0.07 0
0.04 0
0.06 0
0.08 0
0.07 0
0.09 0
0.06 0
0.04 0
0.04 0
0.06 0
0.09 0
0.03 0
0.09 0
0.07 0
0.05 0
0.03 0
0.07 0
0.1 0
0.08 0
0.09 0
0.09 0
0.05 0
0.07 0
0.06 0
0.06 0
0.06 0
0.05 0
0.07 0
0.11 0
0.06 0
0.01 0
0.05 0
0.03 0
0.06 0
0.03 0
0.04 0
0.09 0
0.06 0
0.12 0
0.09 0
0.05 0
0.0 0
0.02 0
0.0 0
0.2 0
0.07 0
0.06 0
0.11 0
0.08 0
0.06 0
0.04 0
0.0 0
0.04 0
0.08 0
0.06 0
0.07 0
0.09 0
0.11 0
0.04 0
0.08 0
0.05 0
0.03 0
0.09 0
0.09 0
0.07 0
0.05 0
0.07 0
0.08 0
0.03 0
0.06 0
0.1 0
0.11 0
0.06 0
0.06 0
0.06 0
0.08 0
0.06 0
0.06 0
0.04 0
0.07 0
0.05 0
0.11 0
0.06 0
0.09 0
0.06 0
0.09 0
0.06 0
0.06 0
0.07 0
0.1 0
0.05 0
0.08 0
0.05 0
0.05 0
0.03 0
0.02 0
0.09 0
0.05 0
0.08 0
0.07 0
0.05 0
0.11 0
0.03 0
0.08 0
0.06 0
0.07 0
0.05 0
0.04 0
0.09 0
0.03 0
0.04 0
0.08 0
0.12 0
0.06 0
0.07 0
0.04 0
0.08 0
0.02 0
0.06 0
0.09 0
0.05 0
0.04 0
0.09 0
0.08 0
0.05 0
0.05 0
0.09 0
0.14 0
0.05 0
0.06 0
0.09 0
0.06 0
0.09 0
0.08 0
0.06 0
0.05 0
0.03 0
0.0 0
0.11 0
0.08 0
0.02 0
0.11 0
0.06 0
0.07 0
0.08 0
0.0 0
0.05 0
0.05 0
0.1 0
0.11 0
0.07 0
0.05 0
0.08 0
0.05 0
0.04 0
0.11 0
0.09 0
0.08 0
0.04 0
0.06 0
0.05 0
0.1 0
0.02 0
0.05 0
0.06 0
0.05 0
0.08 0
0.1 0
0.08 0
0.09 0
0.02 0
0.1 0
0.19 0
0.08 0
0.11 0
0.04 0
0.09 0
0.08 0
0.07 0
0.1 0
0.05 0
0.03 0
0.07 0
0.04 0
0.09 0
0.06 0
0.05 0
0.05 0
0.07 0
0.05 0
0.04 0
0.09 0
0.04 0
0.1 0
0.08 0
0.09 0
0.08 0
0.04 0
0.06 0
0.03 0
0.08 0
0.09 0
0.08 0
0.04 0
0.09 0
0.1 0
0.05 0
0.09 0
0.08 0
0.06 0
0.07 0
0.08 0
0.08 0
0.14 0
0.05 0
0.07 0
0.06 0
0.05 0
0.02 0
0.04 0
0.03 0
0.07 0
0.06 0
0.1 0
0.06 0
0.08 0
0.04 0
0.05 0
0.09 0
0.14 0
0.05 0
0.1 0
0.1 0
0.04 0
0.07 0
0.11 0
0.05 0
0.06 0
0.03 0
0.04 0
0.05 0
0.04 0
0.08 0
0.04 0
0.06 0
0.06 0
0.04 0
0.07 0
0.04 0
0.15 0
0.07 0
0.08 0
0.07 0
0.05 0
0.1 0
0.03 0
0.08 0
0.09 0
0.05 0
0.07 0
0.03 0
0.08 0
0.04 0
0.06 0
0.07 0
0.0 0
0.02 0
0.04 0
0.07 0
0.07 0
0.07 0
0.08 0
0.1 0
0.05 0
0.07 0
0.07 0
0.19 0
0.05 0
0.03 0
0.07 0
0.07 0
0.05 0
0.1 0
0.25 0
0.11 0
0.1 0
0.06 0
0.07 0
0.09 0
0.06 0
0.09 0
0.09 0
0.05 0
0.07 0
0.09 0
0.08 0
0.1 0
0.09 0
0.08 0
0.08 0
0.08 0
0.06 0
0.06 0
0.07 0
0.1 0
0.04 0
0.05 0
0.13 0
0.07 0
0.08 0
0.07 0
0.08 0
0.17 0
0.05 0
0.11 0
0.07 0
0.07 0
0.04 0
0.06 0
0.09 0
0.07 0
0.05 0
0.06 0
0.05 0
0.09 0
0.05 0
0.07 0
0.07 0
0.06 0
0.05 0
0.06 0
0.11 0
0.1 0
0.09 0
0.03 0
0.03 0
0.05 0
0.07 0
0.08 0
0.03 0
0.03 0
0.04 0
0.06 0
0.03 0
0.08 0
0.03 0
0.06 0
0.07 0
0.07 0
0.04 0
0.11 0
0.04 0
0.06 0
0.07 0
0.18 0
0.03 0
0.09 0
0.07 0
0.05 0
0.04 0
0.07 0
0.03 0
0.04 0
0.04 0
0.06 0
0.12 0
0.07 0
0.08 0
0.07 0
0.06 0
0.09 0
0.04 0
0.04 0
0.04 0
0.12 0
0.06 0
0.1 0
0.05 0
0.07 0
0.06 0
0.02 0
0.07 0
0.09 0
0.08 0
0.1 0
0.05 0
0.07 0
0.08 0
0.08 0
0.06 0
0.06 0
0.1 0
0.06 0
0.05 0
0.04 0
0.07 0
0.07 0
0.08 0
0.08 0
0.11 0
0.06 0
0.04 0
0.07 0
0.05 0
0.1 0
0.09 0
0.06 0
0.09 0
0.06 0
0.04 0
0.1 0
0.03 0
0.07 0
0.1 0
0.05 0
0.02 0
0.05 0
0.06 0
0.11 0
0.05 0
0.06 0
0.09 0
0.05 0
0.05 0
0.1 0
0.08 0
0.04 0
0.07 0
0.09 0
0.08 0
0.09 0
0.09 0
0.0 0
0.02 0
0.08 0
0.06 0
0.06 0
0.05 0
0.04 0
0.07 0
0.1 0
0.06 0
0.05 0
0.01 0
0.05 0
0.08 0
0.05 0
0.1 0
0.05 0
0.06 0
0.04 0
0.08 0
0.11 0
0.08 0
0.03 0
0.11 0
0.04 0
0.09 0
0.08 0
0.04 0
0.11 0
0.09 0
0.21 0
0.05 0
0.08 0
0.01 0
0.06 0
0.1 0
0.05 0
0.06 0
0.05 0
0.09 0
0.04 0
0.03 0
0.08 0
0.06 0
0.06 0
0.05 0
0.07 0
0.09 0
0.06 0
0.07 0
0.1 0
0.03 0
0.1 0
0.09 0
0.05 0
0.04 0
0.05 0
0.07 0
0.05 0
0.06 0
0.06 0
0.08 0
0.06 0
0.05 0
0.11 0
0.07 0
0.04 0
0.12 0
0.07 0
0.05 0
0.08 0
0.05 0
0.09 0
0.07 0
0.06 0
0.08 0
0.05 0
0.06 0
0.06 0
0.05 0
0.05 0
0.07 0
0.06 0
0.0 0
0.05 0
0.06 0
0.05 0
0.03 0
0.1 0
0.07 0
0.09 0
0.06 0
0.08 0
0.05 0
0.04 0
0.07 0
0.1 0
0.07 0
0.12 0
0.11 0
0.07 0
0.03 0
0.04 0
0.11 0
0.08 0
0.1 0
0.08 0
0.02 0
0.06 0
0.1 0
0.08 0
0.07 0
0.06 0
0.03 0
0.03 0
0.04 0
0.05 0
0.1 0
0.04 0
0.09 0
0.07 0
0.11 0
0.09 0
0.08 0
0.07 0
0.03 0
0.06 0
0.06 0
0.12 0
0.12 0
0.02 0
0.09 0
0.05 0
0.05 0
0.09 0
0.1 0
0.07 0
0.1 0
0.06 0
0.08 0
0.05 0
0.07 0
0.06 0
0.1 0
0.06 0
0.04 0
0.08 0
0.05 0
0.07 0
0.05 0
0.06 0
0.11 0
0.08 0
0.08 0
0.07 0
0.09 0
0.11 0
0.03 0
0.11 0
0.03 0
0.08 0
0.05 0
0.12 0
0.06 0
0.06 0
0.07 0
0.07 0
0.16 0
0.07 0
0.08 0
0.04 0
0.08 0
0.07 0
0.03 0
0.1 0
0.02 0
0.11 0
0.04 0
0.08 0
0.14 0
0.14 0
0.15 0
0.04 0
0.04 0
0.06 0
0.04 0
0.03 0
0.06 0
0.05 0
0.11 0
0.05 0
0.06 0
0.1 0
0.04 0
0.09 0
0.06 0
0.08 0
0.04 0
0.09 0
0.09 0
0.03 0
0.14 0
0.08 0
0.1 0
0.08 0
0.07 0
0.03 0
0.04 0
0.07 0
0.08 0
0.09 0
0.07 0
0.04 0
0.07 0
0.04 0
0.08 0
0.06 0
0.1 0
0.04 0
0.06 0
0.05 0
0.07 0
0.08 0
0.05 0
0.05 0
0.1 0
0.05 0
0.06 0
0.13 0
0.05 0
0.06 0
0.1 0
0.04 0
0.09 0
0.06 0
0.07 0
0.05 0
0.14 0
0.08 0
0.1 0
0.04 0
0.07 0
0.06 0
0.06 0
0.07 0
0.09 0
0.12 0
0.07 0
0.07 0
0.09 0
0.06 0
0.07 0
0.07 0
0.11 0
0.1 0
0.06 0
0.09 0
0.05 0
0.07 0
0.05 0
0.08 0
0.07 0
0.07 0
0.09 0
0.1 0
0.02 0
0.07 0
0.05 0
0.01 0
0.01 0
0.09 0
0.09 0
0.07 0
0.03 0
0.11 0
0.04 0
0.06 0
0.07 0
0.05 0
0.12 0
0.01 0
0.03 0
0.1 0
0.1 0
0.03 0
0.07 0
0.04 0
0.07 0
0.05 0
0.06 0
0.05 0
0.07 0
0.03 0
0.06 0
0.11 0
0.09 0
0.1 0
0.03 0
0.06 0
0.06 0
0.05 0
0.02 0
0.07 0
0.05 0
0.02 0
0.03 0
0.08 0
0.06 0
0.09 0
0.06 0
0.09 0
0.03 0
0.07 0
0.06 0
0.06 0
0.06 0
0.08 0
0.09 0
0.03 0
0.05 0
0.08 0
0.06 0
0.07 0
0.04 0
0.08 0
0.08 0
0.07 0
0.03 0
0.02 0
0.07 0
0.03 0
0.01 0
0.06 0
0.05 0
0.06 0
0.02 0
0.16 0
0.09 0
0.08 0
0.05 0
0.1 0
0.06 0
0.07 0
0.11 0
0.08 0
0.12 0
0.07 0
0.0 0
0.06 0
0.06 0
0.03 0
0.07 0
0.06 0
0.08 0
0.04 0
0.04 0
0.09 0
0.06 0
0.08 0
0.07 0
0.07 0
0.06 0
0.08 0
0.08 0
0.02 0
0.09 0
0.03 0
0.05 0
0.09 0
0.09 0
0.05 0
0.06 0
0.07 0
0.06 0
0.03 0
0.07 0
0.13 0
0.07 0
0.02 0
0.03 0
0.03 0
0.06 0
0.08 0
0.08 0
0.05 0
0.01 0
0.04 0
0.05 0
0.07 0
0.1 0
0.08 0
0.09 0
0.1 0
0.08 0
0.06 0
0.09 0
0.05 0
0.1 0
0.09 0
0.08 0
0.03 0
0.03 0
0.08 0
0.05 0
0.1 0
0.07 0
0.09 0
0.07 0
0.05 0
0.06 0
0.08 0
0.08 0
0.07 0
0.06 0
0.12 0
0.12 0
0.04 0
0.08 0
0.04 0
0.04 0
0.08 0
0.1 0
0.08 0
0.02 0
0.08 0
0.02 0
0.06 0
0.07 0
0.09 0
0.06 0
0.09 0
0.07 0
0.03 0
0.08 0
0.09 0
0.11 0
0.05 0
0.02 0
0.08 0
0.08 0
0.04 0
0.08 0
0.12 0
0.05 0
0.06 0
0.06 0
0.09 0
0.1 0
0.03 0
0.15 0
0.08 0
0.04 0
0.06 0
0.06 0
0.07 0
0.04 0
0.06 0
0.02 0
0.13 0
0.06 0
0.09 0
0.06 0
0.01 0
0.07 0
0.11 0
0.04 0
0.08 0
0.01 0
0.03 0
0.08 0
0.11 0
0.05 0
0.06 0
0.07 0
0.09 0
0.08 0
0.05 0
0.03 0
0.09 0
0.07 0
0.05 0
0.09 0
0.07 0
0.06 0
0.06 0
0.07 0
0.1 0
0.09 0
0.09 0
0.05 0
0.08 0
0.08 0
0.05 0
0.07 0
0.0 0
0.05 0
0.08 0
0.08 0
0.07 0
0.04 0
0.05 0
0.11 0
0.11 0
0.04 0
0.14 0
0.05 0
0.1 0
0.08 0
0.06 0
0.06 0
0.07 0
0.12 0
0.1 0
0.04 0
0.04 0
0.1 0
0.07 0
0.08 0
0.08 0
0.06 0
0.1 0
0.08 0
0.05 0
0.07 0
0.06 0
0.08 0
0.08 0
0.08 0
0.05 0
0.09 0
0.12 0
0.1 0
0.11 0
0.07 0
0.01 0
0.08 0
0.03 0
0.06 0
0.13 0
0.06 0
0.07 0
0.06 0
0.13 0
0.05 0
0.07 0
0.03 0
0.03 0
0.06 0
0.06 0
0.02 0
0.06 0
0.05 0
0.07 0
0.08 0
0.04 0
0.06 0
0.05 0
0.1 0
0.1 0
0.1 0
0.02 0
0.06 0
0.05 0
0.07 0
0.06 0
0.09 0
0.04 0
0.06 0
0.07 0
0.07 0
0.07 0
0.06 0
0.05 0
0.08 0
0.09 0
0.06 0
0.07 0
0.08 0
0.06 0
0.08 0
0.08 0
0.04 0
0.08 0
0.03 0
0.07 0
0.07 0
0.03 0
0.1 0
0.05 0
0.09 0
0.1 0
0.09 0
0.07 0
0.11 0
0.04 0
0.09 0
0.07 0
0.1 0
0.05 0
0.05 0
0.02 0
0.05 0
0.06 0
0.12 0
0.05 0
0.06 0
0.09 0
0.05 0
0.06 0
0.09 0
0.08 0
0.1 0
0.04 0
0.06 0
0.11 0
0.03 0
0.09 0
0.07 0
0.06 0
0.06 0
0.05 0
0.06 0
0.07 0
0.04 0
0.09 0
0.0 0
0.04 0
0.04 0
0.04 0
0.02 0
0.06 0
0.08 0
0.05 0
0.06 0
0.1 0
0.07 0
0.1 0
0.09 0
0.05 0
0.02 0
0.06 0
0.06 0
0.07 0
0.08 0
0.12 0
0.09 0
0.06 0
0.08 0
0.09 0
0.06 0
0.08 0
0.06 0
0.08 0
0.04 0
0.08 0
0.09 0
0.04 0
0.05 0
0.08 0
0.07 0
0.11 0
0.04 0
0.03 0
0.01 0
0.09 0
0.11 0
0.05 0
0.01 0
0.07 0
0.1 0
0.11 0
0.06 0
0.07 0
0.06 0
0.06 0
0.09 0
0.08 0
0.09 0
0.08 0
0.08 0
0.09 0
0.05 0
0.03 0
0.06 0
0.09 0
0.04 0
0.07 0
0.09 0
0.03 0
0.09 0
0.08 0
0.09 0
0.12 0
0.1 0
0.1 0
0.1 0
0.09 0
0.05 0
0.08 0
0.03 0
0.06 0
0.09 0
0.09 0
0.08 0
0.05 0
0.09 0
0.09 0
0.07 0
0.05 0
0.07 0
0.02 0
0.02 0
0.04 0
0.09 0
0.04 0
0.09 0
0.1 0
0.09 0
0.07 0
0.05 0
0.07 0
0.05 0
0.0 0
0.08 0
0.07 0
0.07 0
0.15 0
0.05 0
0.03 0
0.1 0
0.05 0
0.1 0
0.1 0
0.1 0
0.07 0
0.09 0
0.04 0
0.04 0
0.11 0
0.08 0
0.07 0
0.07 0
0.08 0
0.12 0
0.11 0
0.15 0
0.09 0
0.09 0
0.11 0
0.09 0
0.05 0
0.08 0
0.11 0
0.03 0
0.05 0
0.03 0
0.08 0
0.09 0
0.06 0
0.06 0
0.05 0
0.04 0
0.07 0
0.11 0
0.08 0
0.1 0
0.05 0
0.06 0
0.05 0
0.11 0
0.03 0
0.03 0
0.06 0
0.08 0
0.1 0
0.04 0
0.12 0
0.05 0
0.05 0
0.08 0
0.05 0
0.03 0
0.1 0
0.06 0
0.07 0
0.09 0
0.05 0
0.05 0
0.05 0
0.1 0
0.13 0
0.08 0
0.07 0
0.07 0
0.1 0
0.09 0
0.08 0
0.06 0
0.03 0
0.06 0
0.04 0
0.09 0
0.07 0
0.08 0
0.05 0
0.05 0
0.08 0
0.06 0
0.06 0
0.01 0
0.06 0
0.09 0
0.07 0
0.08 0
0.06 0
0.09 0
0.08 0
0.06 0
0.1 0
0.05 0
0.05 0
0.07 0
0.07 0
0.1 0
0.09 0
0.03 0
0.02 0
0.04 0
0.05 0
0.09 0
0.01 0
0.11 0
0.05 0
0.08 0
0.08 0
0.05 0
0.08 0
0.09 0
0.04 0
0.05 0
0.09 0
0.08 0
0.09 0
0.04 0
0.06 0
0.07 0
0.06 0
0.04 0
0.09 0
0.06 0
0.08 0
0.03 0
0.1 0
0.05 0
0.03 0
0.08 0
0.12 0
0.09 0
0.07 0
0.03 0
0.08 0
0.1 0
0.07 0
0.08 0
0.07 0
0.09 0
0.07 0
0.06 0
0.1 0
0.04 0
0.06 0
0.05 0
0.06 0
0.03 0
0.05 0
0.08 0
0.09 0
0.07 0
0.06 0
0.03 0
0.03 0
0.11 0
0.09 0
0.07 0
0.05 0
0.09 0
0.09 0
0.09 0
0.05 0
0.05 0
0.1 0
0.03 0
0.03 0
0.1 0
0.06 0
0.01 0
0.1 0
0.1 0
0.04 0
0.04 0
0.04 0
0.09 0
0.04 0
0.14 0
0.06 0
0.09 0
0.04 0
0.08 0
0.1 0
0.08 0
0.05 0
0.07 0
0.04 0
0.03 0
0.01 0
0.09 0
0.07 0
0.06 0
0.06 0
0.09 0
0.05 0
0.09 0
0.1 0
0.11 0
0.11 0
0.07 0
0.05 0
0.07 0
0.05 0
0.06 0
0.07 0
0.07 0
0.04 0
0.06 0
0.05 0
0.1 0
0.03 0
0.07 0
0.12 0
0.06 0
0.02 0
0.05 0
0.04 0
0.06 0
0.06 0
0.13 0
0.06 0
0.07 0
0.09 0
0.04 0
0.04 0
0.04 0
0.04 0
0.02 0
0.09 0
0.09 0
0.03 0
0.02 0
0.04 0
0.04 0
0.09 0
0.03 0
0.03 0
0.09 0
0.08 0
0.02 0
0.07 0
0.02 0
0.05 0
0.11 0
0.06 0
0.04 0
0.04 0
0.06 0
0.07 0
0.08 0
0.09 0
0.08 0
0.09 0
0.05 0
0.06 0
0.07 0
0.04 0
0.03 0
0.05 0
0.06 0
0.07 0
0.05 0
0.1 0
0.05 0
0.03 0
0.11 0
0.09 0
0.05 0
0.09 0
4.73 1
3.71 0
4.57 1
3.5 1
2.55 1
1.94 0
4.85 0
5.02 0
3.51 0
2.45 0
2.09 0
1.96 0
0.7 0
0.26 0
0.05 0
0.06 0
0.1 0
0.07 0
0.06 0
0.11 0
0.08 0
0.04 0
0.08 0
0.07 0
0.06 0
0.08 0
0.08 0
0.03 0
0.05 0
0.08 0
0.06 0
0.09 0
0.08 0
0.1 0
0.06 0
0.16 0
0.14 0
0.12 0
0.09 0
0.2 0
0.15 0
0.06 0
0.05 0
0.03 0
0.03 0
0.05 0
0.08 0
0.06 0
0.07 0
0.09 0
0.07 0
0.06 0
0.07 0
0.06 0
0.04 0
0.15 0
0.11 0
0.08 0
0.08 0
0.12 0
0.06 0
0.08 0
0.06 0
0.08 0
0.04 0
0.1 0
0.08 0
0.08 0
0.09 0
0.1 0
0.0 0
0.11 0
0.06 0
0.08 0
0.05 0
0.09 0
0.09 0
0.07 0
0.12 0
0.07 0
0.04 0
0.1 0
0.06 0
0.1 0
0.05 0
0.04 0
5.1 1
3.83 1
3.88 1
3.29 0
2.91 0
2.54 0
19.9 12
17.53 9
17.13 9
15.1 9
14.53 8
12.45 8
11.71 5
11.01 5
10.58 5
7.82 5
6.26 5
5.18 5
5.09 5
5.09 5
5.11 5
5.14 5
5.07 5
5.09 5
5.18 5
5.03 5
5.03 5
5.22 5
5.13 5
5.14 5
5.17 5
5.09 5
5.07 5
5.11 4
5.29 4
4.94 4
4.62 4
4.24 4
4.08 4
4.1 4
4.11 4
4.14 4
4.17 4
4.07 4
4.11 4
4.07 4
4.07 4
4.16 4
4.13 4
4.08 4
4.14 4
4.23 4
4.06 4
4.13 4
4.21 4
4.06 4
4.14 4
4.19 4
4.04 4
4.08 4
4.19 4
4.06 4
4.11 4
4.12 4
4.1 4
4.12 4
4.15 4
4.07 4
4.07 4
4.12 4
4.13 4
4.18 4
4.09 4
4.18 4
4.11 4
4.07 4
4.16 4
4.16 4
4.18 4
4.11 4
4.21 4
4.12 4
4.18 4
4.22 4
4.1 4
4.04 4
4.09 4
4.19 4
4.17 4
4.13 4
4.1 4
4.18 4
4.14 4
4.07 4
4.09 4
4.06 4
4.17 4
4.17 4
4.13 4
4.12 4
4.15 4
4.2 4
4.14 4
4.11 4
4.21 4
4.07 4
4.09 4
4.09 4
4.09 4
4.12 4
4.05 4
4.14 4
4.02 4
4.11 4
4.24 4
4.03 4
4.08 4
4.09 4
4.15 4
4.11 4
4.1 4
4.1 4
4.15 4
4.11 4
4.18 4
4.2 4
4.14 4
4.1 4
4.13 4
4.15 4
4.05 4
4.12 4
4.15 4
4.09 4
4.12 4
4.05 4
4.05 4
4.13 4
4.16 4
4.06 4
4.14 4
4.08 4
4.2 4
4.13 4
4.11 4
4.09 4
4.16 4
4.12 4
4.11 4
4.05 4
4.13 4
4.14 4
4.08 4
4.11 4
4.15 4
4.08 4
4.25 4
4.09 4
4.17 4
4.14 4
4.21 4
4.1 4
4.13 4
4.07 4
4.13 4
4.03 4
4.05 4
4.12 4
4.09 4
4.04 4
4.12 4
4.18 4
4.2 4
4.08 4
4.03 4
4.07 4
4.16 4
4.16 4
4.04 4
4.16 4
4.08 4
4.1 4
4.24 4
4.08 4
4.07 4
4.11 4
4.1 4
4.06 4
4.15 4
4.12 4
4.09 4
4.07 4
4.19 4
4.22 4
4.11 4
4.1 4
4.13 4
4.17 4
4.09 4
4.14 4
4.06 4
4.21 4
4.16 4
4.13 4
4.11 4
4.05 4
4.16 4
4.07 4
4.15 4
4.1 4
4.14 4
4.13 4
4.09 4
4.15 4
4.14 4
4.03 4
4.12 4
4.04 4
4.19 4
4.18 4
4.05 4
4.17 4
4.15 4
4.08 4
4.19 4
4.17 4
4.03 4
4.1 4
4.14 4
4.13 4
4.18 4
4.18 4
4.17 4
4.14 4
4.14 4
4.13 4
4.07 4
4.08 4
4.12 4
4.05 4
4.14 4
4.16 4
4.12 4
4.05 4
4.17 4
4.15 4
4.12 4
4.14 4
4.13 4
4.18 4
4.09 4
4.12 4
4.21 4
4.08 4
4.12 4
4.12 4
4.17 4
4.05 4
4.19 4
4.1 4
4.17 4
4.22 4
4.07 4
4.14 4
4.15 4
4.14 4
4.11 4
4.1 4
4.12 4
4.02 4
4.11 4
4.1 4
4.16 4
4.13 4
4.12 4
4.17 4
4.19 4
4.18 4
4.11 4
4.13 4
4.09 4
4.07 4
4.14 4
4.09 4
4.2 4
4.23 4
4.09 4
4.15 4
4.09 4
4.14 4
4.26 4
4.08 4
4.1 4
4.04 4
4.04 4
4.05 4
4.1 4
4.04 4
4.11 4
4.07 4
4.09 4
4.12 4
4.16 4
4.05 4
4.17 4
4.03 4
4.12 4
4.05 4
4.26 4
4.21 4
4.21 4
4.18 4
4.15 4
4.2 4
4.05 4
4.22 4
4.13 4
4.12 4
4.13 4
4.19 4
4.09 4
4.09 4
4.15 4
4.12 4
4.13 4
4.09 4
4.17 4
4.12 4
4.13 4
4.15 4
4.25 4
4.13 4
4.08 4
4.12 4
4.06 4
4.08 4
4.08 4
4.1 4
4.12 4
4.06 4
4.12 4
4.19 4
4.11 4
4.08 4
4.09 4
4.09 4
4.08 4
4.18 4
4.09 4
4.23 4
4.09 4
4.12 4
4.13 4
4.12 4
4.09 4
4.16 4
4.13 4
4.07 4
4.06 4
4.08 4
4.18 4
4.16 4
4.09 4
4.19 4
4.21 4
4.15 4
4.17 4
4.04 4
4.1 3
4.07 3
4.05 3
3.86 3
3.32 3
3.22 3
3.03 3
3.15 3
3.12 3
3.15 3
3.16 3
3.11 3
3.09 3
3.2 3
3.05 3
3.09 3
3.14 3
3.17 3
3.07 3
3.17 3
3.14 3
3.11 3
3.2 3
3.15 3
3.16 3
3.09 3
3.11 3
3.13 3
3.03 3
3.18 3
3.18 3
3.11 3
3.11 3
3.17 3
3.11 3
3.14 3
3.1 3
3.1 3
3.17 3
3.11 3
3.14 3
3.26 3
3.05 3
3.06 3
3.08 3
3.1 3
3.11 3
3.06 3
3.2 3
3.11 3
3.09 3
3.07 3
3.08 3
3.11 3
3.06 3
3.16 3
3.11 3
3.06 3
3.1 3
3.08 3
3.12 3
3.33 3
3.08 3
3.16 3
3.07 3
3.12 3
3.06 3
3.12 3
3.09 3
3.19 3
3.06 3
3.13 3
3.27 3
3.17 3
3.1 3
3.14 3
3.21 3
3.13 3
3.21 3
3.09 3
3.11 3
3.15 3
3.09 3
3.13 3
3.14 3
3.17 3
3.12 3
3.09 3
3.1 3
3.29 3
3.16 3
3.13 3
3.09 3
3.19 3
3.13 3
3.14 3
3.2 3
3.2 3
3.07 3
3.12 3
3.13 3
3.09 3
3.14 3
3.1 3
3.17 3
3.15 3
3.12 3
3.18 3
3.13 3
3.13 3
3.06 3
3.06 3
3.11 3
3.2 3
3.11 3
3.1 3
3.16 3
3.1 3
3.04 3
3.14 3
3.12 3
3.12 3
3.07 3
3.07 3
3.14 3
3.11 3
3.16 3
3.1 3
3.12 3
3.17 3
3.07 3
3.15 3
3.2 3
3.17 3
3.16 3
3.12 3
3.14 3
3.18 3
3.21 3
3.19 3
3.12 3
3.15 3
3.17 3
3.15 3
3.13 3
3.09 3
3.24 3
3.11 3
3.18 3
3.19 3
3.1 3
3.12 3
3.1 3
3.12 3
3.17 3
3.14 3
3.08 3
3.1 3
3.21 3
3.07 3
3.14 3
3.09 3
3.09 3
3.11 3
3.16 3
3.13 3
3.08 3
3.21 3
3.16 3
3.06 3
3.1 3
3.18 3
3.15 3
3.14 3
3.2 3
3.12 3
3.1 3
3.12 3
3.16 3
3.14 3
3.1 3
3.12 3
3.06 3
3.13 3
3.12 3
3.12 3
3.07 3
3.13 3
3.12 3
3.1 3
3.1 3
3.09 3
3.22 3
3.1 3
3.09 3
3.07 3
3.11 3
3.14 3
3.08 3
3.12 3
3.18 3
3.11 3
3.04 3
3.13 3
3.08 3
3.12 3
3.09 3
3.1 3
3.12 3
3.17 3
3.08 3
3.05 3
3.09 3
3.16 3
3.11 3
3.22 3
3.18 3
3.11 3
3.18 3
3.15 3
3.17 3
3.19 3
3.2 3
3.05 3
3.03 3
3.13 3
3.12 3
3.06 3
3.2 3
3.11 3
3.13 3
3.17 3
3.07 3
3.12 3
3.09 3
3.13 3
3.16 3
3.15 3
3.12 3
3.12 3
3.16 3
3.18 3
3.06 3
3.17 3
3.05 3
3.17 3
3.07 3
3.12 3
3.2 3
3.18 3
3.12 3
3.15 3
3.14 3
3.09 3
3.05 3
3.18 3
3.16 3
3.14 3
3.07 3
3.1 3
3.19 3
3.16 3
3.15 3
3.11 3
3.11 3
3.22 3
3.07 3
3.11 3
3.1 3
3.11 3
3.12 3
3.08 3
3.14 3
3.22 3
3.17 3
3.14 3
3.09 3
3.14 3
3.11 3
3.13 3
3.14 3
3.12 3
3.15 3
3.17 3
3.15 3
3.09 3
3.2 3
3.09 3
3.13 3
3.16 3
3.15 3
3.03 3
3.12 3
3.16 3
3.06 3
3.1 3
3.15 3
3.15 3
3.1 3
3.13 3
3.11 3
3.09 3
3.1 3
3.21 3
3.17 3
3.09 3
3.09 3
3.26 3
3.16 3
3.07 3
3.04 3
3.22 3
3.15 3
3.09 3
3.18 3
3.17 3
3.12 3
3.18 3
3.15 3
3.13 3
3.1 3
3.12 3
3.12 3
3.18 3
3.15 3
3.17 3
3.09 3
3.13 3
3.1 3
3.12 3
3.08 3
3.18 3
3.12 3
3.16 3
3.08 3
3.16 3
3.1 3
3.14 3
3.15 3
3.21 3
3.12 3
3.52 3
3.06 3
3.16 3
3.14 3
3.15 3
3.16 3
3.16 3
3.2 3
3.11 3
3.13 3
3.08 3
3.11 3
3.17 3
3.13 3
3.17 3
3.04 3
3.12 3
3.14 3
3.15 3
3.14 3
3.09 3
3.11 3
3.09 3
3.05 3
3.09 3
3.15 3
3.2 3
3.13 3
3.05 3
3.06 3
3.14 3
3.1 3
3.05 3
3.13 3
3.07 3
3.1 3
3.09 3
3.07 3
3.07 3
3.09 3
3.14 3
3.17 3
3.2 3
3.14 3
3.1 3
3.1 3
3.05 3
3.11 3
3.13 3
3.1 3
3.15 3
3.06 3
3.08 3
3.17 3
3.07 3
3.1 3
3.13 3
3.1 3
3.12 3
3.08 3
3.19 3
3.14 3
3.09 3
3.17 3
3.14 3
3.23 3
3.17 3
3.14 3
3.08 3
3.1 3
3.13 3
3.14 3
3.13 3
3.09 3
3.14 3
3.13 3
3.11 3
3.06 3
3.17 3
3.13 3
3.16 3
3.13 3
3.24 3
3.08 3
3.14 3
3.15 3
3.13 3
3.04 3
3.14 3
3.12 3
3.23 3
3.17 3
3.1 3
3.07 3
3.15 3
3.17 3
3.02 3
3.15 3
3.1 3
3.04 3
3.15 3
3.12 3
3.12 3
3.08 3
3.06 3
3.17 3
3.11 3
3.12 3
3.14 3
3.09 3
3.21 3
3.18 3
3.15 3
3.03 3
3.12 3
3.11 3
3.13 3
3.14 3
3.11 3
3.12 3
3.14 3
3.12 3
3.13 3
3.17 3
3.2 3
3.08 3
3.08 3
3.05 3
3.19 3
3.11 3
3.16 3
3.09 3
3.11 3
3.12 3
3.18 3
3.11 3
3.18 3
3.13 3
3.1 3
3.15 3
3.11 3
3.05 3
3.11 3
3.05 3
3.18 3
3.1 3
3.06 3
3.21 3
3.17 3
3.14 3
3.09 3
3.09 3
3.09 3
3.12 3
3.02 3
3.22 3
3.22 3
3.09 3
3.09 3
3.04 3
3.08 3
3.06 3
3.13 3
3.11 3
3.16 3
3.21 3
3.11 3
3.11 3
3.06 3
3.14 3
3.11 3
3.01 3
3.1 3
3.14 3
3.21 3
3.05 3
3.05 3
3.1 3
3.09 3
3.1 3
3.14 3
3.17 3
3.14 3
3.19 3
3.14 3
3.17 3
3.18 3
3.12 3
3.07 3
3.14 3
3.1 2
3.45 1
3.38 1
3.33 1
1.27 1
1.18 1
1.12 1
1.1 1
1.21 1
1.19 1
1.03 1
1.03 1
1.14 1
1.13 1
1.12 1
1.1 1
1.19 1
1.17 1
1.18 1
1.14 1
1.2 1
1.08 1
1.49 1
1.19 1
1.15 1
1.23 1
1.08 1
1.12 1
1.1 1
1.13 1
1.16 1
1.17 1
1.2 1
1.15 1
1.12 1
1.15 1
1.16 1
1.13 1
1.09 1
1.27 1
1.14 1
1.17 1
1.09 1
1.1 1
1.16 1
1.15 1
1.2 1
1.1 1
1.14 1
1.13 1
1.08 1
1.12 1
1.15 1
1.13 1
1.28 1
1.19 1
1.15 1
1.05 1
1.22 1
1.16 1
1.08 1
1.11 1
1.14 1
1.14 1
1.11 1
1.16 1
1.06 1
1.06 1
1.17 1
1.19 1
1.21 1
1.12 1
1.14 1
1.16 1
1.11 1
1.13 1
1.11 1
1.13 1
1.11 1
1.08 1
1.22 1
1.14 1
1.1 1
1.19 1
1.13 1
1.23 1
1.1 1
1.1 1
1.24 1
1.17 1
1.13 1
1.18 1
1.2 1
1.19 1
1.18 1
1.16 1
1.12 1
1.18 1
1.2 1
1.03 1
1.21 1
1.16 1
1.12 1
1.18 1
1.12 1
1.06 1
1.03 1
1.06 1
1.11 1
1.17 1
1.17 1
1.06 1
1.09 1
1.08 1
1.05 1
1.12 1
1.09 1
1.07 1
1.19 1
1.12 1
1.12 1
1.12 1
1.2 1
1.21 1
1.07 1
1.14 1
1.2 1
1.11 1
1.13 1
1.19 1
1.22 1
1.19 1
1.16 1
1.18 1
1.19 1
1.1 1
1.12 1
1.18 1
1.19 1
1.13 1
1.16 1
1.09 1
1.16 1
1.13 1
1.22 1
1.17 1
1.13 1
1.06 1
1.19 1
1.21 1
1.1 1
1.12 1
1.12 1
1.24 1
1.22 1
1.12 1
1.21 1
1.19 1
1.17 1
1.16 1
1.16 1
1.16 1
1.18 1
1.19 1
1.16 1
1.1 1
1.09 1
1.25 1
1.15 1
1.2 1
1.12 1
1.12 1
1.09 1
1.17 1
1.15 1
1.18 1
1.22 1
1.18 1
1.12 1
1.15 1
1.22 1
1.12 1
1.15 1
1.15 1
1.2 1
1.11 1
1.12 1
1.17 1
1.1 1
1.15 1
1.1 1
1.14 1
1.16 1
1.16 1
1.13 1
1.15 1
1.1 1
1.12 1
1.22 1
1.17 1
1.05 1
1.13 1
1.12 1
1.08 1
1.13 1
1.15 1
1.13 1
1.14 1
1.16 1
1.13 1
1.09 1
1.1 1
1.15 1
1.25 1
1.18 1
1.16 1
1.12 1
1.14 1
1.17 1
1.17 1
1.14 1
1.09 1
1.1 1
1.1 1
1.1 1
1.17 1
1.08 1
1.14 1
1.12 1
1.17 1
1.21 1
1.14 1
1.09 1
1.06 1
1.13 1
1.03 1
1.09 1
1.11 1
1.06 1
1.18 1
1.04 1
1.12 1
1.21 1
1.14 1
1.11 1
1.11 1
1.23 1
1.07 1
1.09 1
1.15 1
1.05 1
1.1 1
1.14 1
1.07 1
1.21 1
1.08 1
1.18 1
1.21 1
1.15 1
1.12 1
1.15 1
1.16 1
1.19 1
1.19 1
1.12 1
1.13 1
1.2 1
1.11 1
1.06 1
1.07 1
1.13 1
1.17 1
1.18 1
1.13 1
1.13 1
1.22 1
1.23 1
1.17 1
1.13 1
1.21 1
1.11 1
1.12 1
1.18 1
1.17 1
1.14 1
1.12 1
1.24 1
1.18 1
1.18 1
1.2 1
1.16 1
1.22 1
1.15 1
1.21 1
1.19 1
1.14 1
1.16 1
1.13 1
1.26 1
1.16 1
1.16 1
1.14 1
1.14 1
1.16 1
1.09 1
1.2 1
1.1 1
1.13 1
1.13 1
1.17 1
1.24 1
1.2 1
1.17 1
1.14 1
1.21 1
1.17 1
1.12 1
1.22 1
1.17 1
1.12 1
1.13 1
1.15 1
1.15 1
1.09 1
1.13 1
1.09 1
1.09 1
1.17 1
1.2 1
1.1 1
1.2 1
1.13 1
1.13 1
1.12 1
1.13 1
1.07 1
1.04 1
1.1 1
1.16 1
1.17 1
1.17 1
1.08 1
1.26 1
1.04 1
1.16 1
1.19 1
1.14 1
1.11 1
1.09 1
1.12 1
1.13 1
1.17 1
1.21 1
1.14 1
1.16 1
1.14 1
1.1 1
1.19 1
1.15 1
1.17 1
1.15 1
1.17 1
1.21 1
1.17 1
1.15 1
1.15 1
1.12 1
1.19 1
1.14 1
1.12 1
1.09 1
1.09 1
1.08 1
1.13 1
1.09 1
1.23 1
1.19 1
1.13 1
1.15 1
1.16 1
1.13 1
1.21 1
1.09 1
1.15 1
1.15 1
1.19 1
1.16 1
1.12 1
1.09 1
1.16 1
1.14 1
1.18 1
1.11 1
1.12 1
1.14 1
1.05 1
1.13 1
1.05 1
1.17 1
1.22 1
1.13 1
1.14 1
1.14 1
1.07 1
1.22 1
1.16 1
1.11 1
1.13 1
1.11 1
1.05 1
1.08 1
1.18 1
1.1 1
1.14 1
1.1 1
1.06 1
1.15 1
1.09 1
1.16 1
1.24 1
1.16 1
1.02 1
1.15 1
1.19 1
1.13 1
1.08 1
1.12 1
1.21 1
1.14 1
1.17 1
1.08 1
1.12 1
1.18 1
1.16 1
1.17 1
1.06 1
1.16 1
1.17 1
1.22 1
1.06 1
1.12 1
1.15 1
1.14 1
1.13 1
1.16 1
1.07 1
1.2 1
1.15 1
1.18 1
1.13 1
1.23 1
1.14 1
1.15 1
1.19 1
1.25 1
1.2 1
1.07 1
1.07 1
1.07 1
1.18 1
1.13 1
1.14 1
1.03 1
1.23 1
1.11 1
1.15 1
1.05 1
1.21 1
1.22 1
1.14 1
1.19 1
1.2 1
1.15 1
1.17 1
1.1 1
1.13 1
1.18 1
1.11 1
1.13 1
1.2 1
1.12 1
1.21 1
1.16 1
1.11 1
1.13 1
1.23 1
1.16 1
1.16 1
1.14 1
1.18 1
1.22 1
1.22 1
1.18 1
1.1 1
1.15 1
1.14 1
1.24 1
1.21 1
1.14 1
1.12 1
1.16 1
1.05 1
1.14 1
1.17 1
1.19 1
1.1 1
1.17 1
1.14 1
1.02 1
1.14 1
1.09 1
1.24 1
1.04 1
1.15 1
1.11 1
1.11 1
1.13 1
1.12 1
1.22 1
1.16 1
1.12 1
1.16 1
1.1 1
1.18 1
1.2 1
1.09 1
1.09 1
1.05 1
1.23 1
1.12 1
1.13 1
1.13 1
1.15 1
1.14 1
1.17 1
1.16 1
1.05 1
1.12 1
1.1 1
1.06 1
1.19 1
1.08 1
1.04 1
1.15 1
1.12 1
1.18 1
1.19 1
1.13 1
1.11 1
1.19 1
1.13 1
1.17 1
1.11 1
1.17 1
1.18 1
1.07 1
1.13 1
1.12 1
1.11 1
1.11 1
1.16 1
1.11 1
1.18 1
1.16 1
1.15 1
1.09 1
1.14 1
1.18 1
1.19 1
1.12 1
1.12 1
1.05 1
1.17 1
1.16 1
1.14 1
1.07 1
1.12 1
1.16 1
1.15 1
1.17 1
1.09 1
1.19 1
1.16 1
1.16 1
1.11 1
1.06 1
1.14 1
1.13 1
1.14 1
1.05 1
1.19 1
1.16 1
1.18 1
1.16 1
1.15 1
1.12 1
1.19 1
1.15 1
1.17 1
1.14 1
1.1 1
1.1 1
1.18 1
1.14 1
1.15 1
1.12 1
1.18 1
1.05 1
1.14 1
1.12 1
1.18 1
1.11 1
1.11 1
1.19 1
1.15 1
1.16 1
1.21 1
1.16 1
1.07 1
1.06 1
1.11 1
1.11 1
1.11 1
1.13 1
1.13 1
1.2 1
1.17 1
1.23 1
1.13 1
1.13 1
1.2 1
1.1 1
1.16 1
1.07 1
1.12 1
1.2 1
1.14 1
1.09 1
1.05 1
1.04 1
1.1 1
1.15 1
1.15 1
1.15 1
1.12 1
1.13 1
1.17 1
1.05 1
1.13 1
1.12 1
1.16 1
1.1 1
1.11 1
1.16 1
1.07 1
1.22 1
1.13 1
1.22 1
1.11 1
1.04 1
1.41 1
1.55 1
1.12 1
1.1 1
1.14 1
1.09 1
1.09 1
1.12 1
1.15 1
1.04 1
1.09 1
1.12 1
1.08 1
1.14 1
1.2 1
1.13 1
1.15 1
1.19 1
1.12 1
1.09 1
1.14 1
1.19 1
1.11 1
1.06 1
1.18 1
1.09 1
1.11 1
1.09 1
1.17 1
1.15 1
1.14 1
1.17 1
1.09 1
1.17 1
1.12 1
1.09 1
1.14 1
1.18 1
1.2 1
1.1 1
1.14 1
1.13 1
1.17 1
1.11 1
1.06 1
1.12 1
1.19 1
1.12 1
1.09 1
1.05 1
1.1 1
1.17 1
1.2 1
1.15 1
1.16 1
1.23 1
1.19 1
1.25 1
1.16 1
1.1 1
1.1 1
1.21 1
1.11 1
1.07 1
1.1 1
1.13 1
1.19 1
1.13 1
1.2 1
1.11 1
1.19 1
1.16 1
1.16 1
1.14 1
1.09 1
1.11 1
1.09 1
1.14 1
1.14 1
1.11 1
1.08 1
1.13 1
1.05 1
1.12 1
1.19 1
1.17 1
1.16 1
1.19 1
1.19 1
1.11 1
1.19 1
1.27 1
1.23 1
1.05 1
1.17 1
1.1 1
1.21 1
1.12 1
1.15 1
1.14 1
1.15 1
1.2 1
1.09 1
1.13 1
1.15 1
1.05 1
1.13 1
1.12 1
1.15 1
1.08 1
1.17 1
1.15 1
1.11 1
1.17 1
1.16 1
1.17 1
1.05 1
1.16 1
1.17 1
1.17 1
1.17 1
1.03 1
1.23 1
1.07 1
1.15 1
1.19 1
1.11 1
1.09 1
1.15 1
1.21 1
1.12 1
1.15 1
1.11 1
1.16 1
1.09 1
1.14 1
1.18 1
1.2 1
1.1 1
1.16 1
1.23 1
1.16 1
1.11 1
1.05 1
1.09 1
1.17 1
1.13 1
1.13 1
1.07 1
1.13 1
1.09 1
1.15 1
1.09 1
1.16 1
1.11 1
1.1 1
1.14 1
1.07 1
1.23 1
1.2 1
1.06 1
1.18 1
1.07 1
1.1 1
1.17 1
1.08 1
1.23 1
20.1 11
20.41 10
20.34 11
19.46 10
19.26 9
16.37 7
15.03 7
13.31 7
12.44 6
11.82 6
10.12 6
9.54 4
9.39 4
9.29 4
5.99 4
4.18 4
4.15 4
4.11 4
4.12 4
4.07 4
4.14 4
4.19 4
4.09 4
4.09 4
4.11 4
4.16 4
4.1 4
4.12 4
4.07 4
4.17 4
4.13 4
4.11 4
4.11 4
4.14 4
4.04 4
4.17 4
4.12 4
4.15 4
4.12 4
4.11 4
4.13 4
4.13 4
4.1 4
4.41 4
4.14 4
4.12 4
4.08 4
4.12 4
4.17 4
4.05 4
4.1 4
4.16 4
4.15 4
4.12 4
4.1 4
4.06 4
4.07 4
4.16 4
4.15 4
4.07 4
4.06 4
4.11 4
4.16 4
4.11 4
4.13 4
4.12 4
4.07 4
4.17 4
4.18 4
4.16 4
4.08 4
4.07 4
4.06 4
4.13 4
4.11 4
4.11 4
4.14 4
4.16 4
4.19 4
4.07 4
4.06 4
4.17 4
4.17 4
4.04 4
4.11 4
4.17 4
4.17 4
4.17 4
4.04 4
4.19 4
4.09 4
4.23 4
4.13 4
4.16 4
4.08 4
4.16 4
4.2 4
4.05 4
4.08 4
4.1 4
4.15 4
4.08 4
4.09 4
4.06 4
4.12 4
4.11 4
4.07 3
4.27 3
4.28 2
4.24 2
3.75 2
2.33 2
2.13 2
2.14 2
2.05 2
2.18 2
2.16 2
2.16 2
2.13 2
2.06 2
2.11 2
2.11 2
2.16 2
2.1 2
2.2 2
2.21 2
2.15 2
2.13 2
2.07 2
2.15 2
2.17 2
2.17 2
2.23 2
2.15 2
2.08 2
2.17 2
2.17 2
2.1 2
2.11 2
2.11 2
2.17 2
2.31 2
2.29 2
2.14 2
2.15 2
2.2 2
2.16 2
2.1 2
2.18 2
2.06 2
2.21 2
2.21 2
2.15 2
2.13 2
2.18 2
2.14 2
2.12 2
2.09 2
2.12 2
2.07 2
2.11 2
2.14 2
2.09 2
2.18 2
2.11 2
2.02 2
2.26 2
2.56 2
2.3 2
2.13 2
2.08 2
2.23 2
2.19 2
2.07 2
2.2 2
2.08 2
2.26 2
2.12 2
2.1 2
2.13 2
2.16 2
2.16 2
2.12 2
2.11 2
2.15 2
2.15 2
2.13 2
2.19 2
2.16 2
2.14 2
2.1 2
2.21 2
2.07 2
2.04 2
2.11 2
2.11 2
2.15 2
2.11 2
2.12 2
2.13 2
2.14 2
2.04 2
2.17 2
2.19 2
2.19 2
2.14 2
2.12 2
2.15 2
2.16 2
2.2 2
2.14 2
2.16 2
2.06 2
2.28 2
2.14 2
2.07 2
2.11 2
2.07 2
2.05 2
2.19 2
2.05 2
2.08 2
2.21 2
2.15 2
2.15 2
2.14 2
2.19 2
2.2 2
2.16 2
2.16 2
2.06 2
2.06 2
2.21 2
2.14 2
2.24 2
2.12 2
2.07 2
2.07 2
2.11 2
2.09 2
2.16 2
2.03 2
2.05 2
2.18 2
2.08 2
2.13 2
2.04 2
2.1 2
2.17 2
2.11 2
2.15 2
2.08 2
2.2 2
2.14 2
2.18 2
2.24 2
2.05 2
2.16 2
2.12 2
2.17 2
2.17 2
2.23 2
2.09 2
2.12 2
2.17 2
2.16 2
2.21 2
2.08 2
2.2 2
2.15 2
2.19 2
2.11 2
2.16 2
2.07 2
2.17 2
2.18 2
2.14 2
2.18 2
2.17 2
2.1 2
2.12 2
2.21 2
2.04 2
2.2 2
2.2 2
2.14 2
2.1 2
2.12 2
2.22 2
2.14 2
2.11 2
2.09 2
2.11 2
2.19 2
2.16 2
2.14 2
2.14 2
2.19 2
2.13 2
2.26 2
2.12 2
2.09 2
2.12 2
2.22 2
2.13 2
2.12 2
2.11 2
2.12 2
2.23 2
2.17 2
2.2 2
2.16 2
2.16 2
2.26 2
2.1 2
2.12 2
2.05 2
2.19 2
2.21 2
2.12 2
2.14 2
2.1 2
2.1 2
2.14 2
2.16 2
2.15 2
2.06 2
2.07 2
2.05 2
2.14 2
2.1 2
2.2 2
2.15 2
2.09 2
2.12 2
2.08 2
2.1 2
2.08 2
2.12 2
2.15 2
2.13 2
2.14 2
2.14 2
2.16 2
2.13 2
2.07 2
2.1 2
2.07 2
2.2 2
2.09 2
2.11 2
2.08 2
2.11 2
2.06 2
2.18 2
2.19 2
2.11 2
2.12 2
2.12 2
2.17 2
2.09 2
2.01 2
2.19 2
2.18 2
2.07 2
2.1 2
2.19 2
2.18 2
2.12 2
2.15 2
2.14 2
2.12 2
2.14 2
2.17 2
2.23 2
2.17 2
2.06 2
2.21 2
2.2 2
2.09 2
2.12 2
2.18 2
2.15 2
2.15 2
2.14 2
2.1 2
2.17 2
2.15 2
2.13 2
2.15 2
2.11 2
2.07 2
2.08 2
2.15 2
2.23 2
2.09 2
2.1 2
2.16 2
2.15 2
2.12 2
2.14 2
2.09 2
2.17 2
2.22 2
2.07 2
2.13 2
2.16 2
2.13 2
2.1 2
2.12 2
2.08 2
2.18 2
2.14 2
2.16 2
2.14 2
2.1 2
2.06 2
2.1 2
2.09 2
2.2 2
2.19 2
2.11 2
2.1 2
2.18 2
2.04 2
2.17 2
2.24 2
2.14 2
2.12 2
2.16 2
2.23 2
2.13 2
2.18 2
2.12 2
2.14 2
2.2 2
2.19 2
2.08 2
2.12 2
2.13 2
2.11 2
2.19 2
2.23 2
2.07 2
2.13 2
2.19 2
2.21 2
2.1 2
2.13 2
2.14 2
2.15 2
2.14 2
2.13 2
2.05 2
2.12 2
2.23 2
2.11 2
2.16 2
2.08 2
2.07 2
2.11 2
2.18 2
2.11 2
2.09 2
2.12 2
2.2 2
2.13 2
2.08 2
2.11 2
2.09 2
2.13 2
2.07 2
2.11 2
2.11 2
2.11 2
2.1 2
2.16 2
2.23 2
2.1 2
2.2 2
2.07 2
2.06 2
2.15 2
2.12 2
2.14 2
2.18 2
2.17 2
2.1 2
2.08 2
2.01 2
2.17 2
2.08 2
2.24 2
2.09 2
2.15 2
2.05 2
2.15 2
2.12 2
2.17 2
2.08 2
2.08 2
2.09 2
2.09 2
2.21 1
2.1 1
1.92 1
1.44 1
1.12 1
1.14 1
1.18 1
1.14 1
1.1 1
1.12 1
1.13 1
1.13 1
1.22 1
1.24 1
1.22 1
1.15 1
1.21 1
1.13 1
1.18 1
1.2 1
1.17 1
1.18 1
1.2 1
1.08 1
1.07 1
1.06 1
1.16 1
1.17 1
1.13 1
1.12 1
1.07 1
1.07 1
1.06 1
1.17 1
1.15 1
1.19 1
1.15 1
1.17 1
1.11 1
1.15 1
1.12 1
1.43 1
1.16 1
1.21 1
1.18 1
1.16 1
1.21 1
1.18 1
1.12 1
1.22 1
1.07 1
1.15 1
1.13 1
1.12 1
1.16 1
1.16 1
1.13 1
1.09 1
1.08 1
1.16 1
1.15 1
1.18 1
1.2 1
1.18 1
1.14 1
1.14 1
1.19 1
1.18 1
1.05 1
1.14 1
1.05 1
1.05 1
1.19 1
1.19 1
1.14 1
1.09 1
1.18 1
1.1 1
1.23 1
1.13 1
1.19 1
1.05 1
1.08 1
1.15 1
1.11 1
1.08 1
1.17 1
1.13 1
1.15 1
1.08 1
1.15 1
1.14 1
1.22 1
1.25 1
1.08 1
1.08 1
1.19 1
1.12 1
1.08 1
1.17 1
1.17 1
1.18 1
1.18 1
1.18 1
1.25 1
1.12 1
1.12 1
1.15 1
1.19 1
1.11 1
1.02 1
1.08 1
1.22 1
1.11 1
1.02 1
1.11 1
1.13 1
1.16 1
1.21 1
1.22 1
1.16 1
1.06 1
1.14 1
1.13 1
1.08 1
1.14 1
1.14 1
1.18 1
1.16 1
1.12 1
1.15 1
1.14 1
1.1 1
1.14 1
1.15 1
1.22 1
1.18 1
1.11 1
1.11 1
1.1 1
1.11 1
1.13 1
1.21 1
1.12 1
1.15 1
1.14 1
1.12 1
1.09 1
1.17 1
1.11 1
1.04 1
1.15 1
1.13 1
1.2 1
1.16 1
1.06 1
1.19 1
1.11 1
1.14 1
1.17 1
1.13 1
1.1 1
1.08 1
1.11 1
1.1 1
1.16 1
1.07 1
1.05 1
1.2 1
1.2 1
1.07 1
1.08 1
1.18 1
1.13 1
1.13 1
1.1 1
1.15 1
1.19 1
1.13 1
1.17 1
1.15 1
1.15 1
1.1 1
1.08 1
1.19 1
1.14 1
1.18 1
1.15 1
1.07 1
1.19 1
1.17 1
1.04 1
1.2 1
1.21 1
1.16 1
1.14 1
1.12 1
1.13 1
1.12 1
1.11 1
1.24 1
1.19 1
1.08 1
1.13 1
1.19 1
1.11 1
1.24 1
1.12 1
1.08 1
1.11 1
1.15 1
1.04 1
1.08 1
1.12 1
1.19 1
1.14 1
1.09 1
1.21 1
1.15 1
1.2 1
1.16 1
1.11 1
1.22 1
1.13 1
1.11 1
1.16 1
1.17 1
1.12 1
1.08 1
1.17 1
1.12 1
1.18 1
1.08 1
1.17 1
1.11 1
1.18 1
1.07 1
1.14 1
1.21 1
1.17 1
1.13 1
1.25 1
1.2 1
1.21 1
1.15 1
1.07 1
1.16 1
1.15 1
1.16 1
1.11 1
1.11 1
1.12 1
1.14 1
1.12 1
1.15 1
1.12 1
1.2 1
1.23 1
1.08 1
1.17 1
1.11 1
1.21 1
1.12 1
1.11 1
1.21 1
1.26 1
1.09 1
1.14 1
1.08 1
1.18 1
1.05 1
1.22 1
1.25 1
1.18 1
1.19 1
1.07 1
1.12 1
1.15 1
1.11 1
1.09 1
1.1 1
1.19 1
1.08 1
1.13 1
1.19 1
1.09 1
1.05 1
1.05 1
1.24 1
1.09 1
1.19 1
1.18 1
1.11 1
1.24 1
1.15 1
1.2 1
1.13 1
1.1 1
1.12 1
1.11 1
1.24 1
1.14 1
1.09 1
1.18 1
1.23 1
1.14 1
1.07 1
1.19 1
1.17 1
1.2 1
1.11 1
1.19 1
1.21 1
1.21 1
1.12 1
1.12 1
1.09 1
1.1 1
1.21 1
1.2 1
1.09 1
1.13 1
1.09 1
1.09 1
1.15 1
1.18 1
1.19 1
1.12 1
1.19 1
1.12 1
1.14 1
1.13 1
1.08 1
1.1 1
1.15 1
1.18 1
1.11 1
1.09 1
1.14 1
1.14 1
1.15 1
1.11 1
1.18 1
1.21 1
1.1 1
1.41 1
1.3 1
1.17 1
1.02 1
1.16 1
1.15 1
1.1 1
1.14 1
1.08 1
1.3 1
1.06 1
1.09 1
1.12 1
1.25 1
1.08 1
1.17 1
1.16 1
1.13 1
1.15 1
1.2 1
1.15 1
1.15 1
1.06 1
1.12 1
1.19 1
1.19 1
1.23 1
1.11 1
1.05 1
1.18 1
1.08 1
1.15 1
1.15 1
1.17 1
1.17 1
1.08 1
1.1 1
1.19 1
1.09 1
1.37 1
1.13 1
1.14 1
1.14 1
1.19 1
1.16 1
1.16 1
1.1 1
1.22 1
1.15 1
1.11 1
1.17 1
1.11 1
1.17 1
1.06 1
1.16 1
1.2 1
1.03 1
1.06 1
1.23 1
1.09 1
1.19 1
1.16 1
1.12 1
1.22 1
1.07 1
1.1 1
1.06 1
1.12 1
1.12 1
1.18 1
1.16 1
1.14 1
1.17 1
1.22 1
1.25 1
1.21 1
1.23 1
1.15 1
1.14 1
1.2 1
1.17 1
1.16 1
1.18 1
1.14 1
1.24 1
1.18 1
1.09 1
1.08 1
1.16 1
1.22 1
1.1 1
1.07 1
1.12 1
1.05 1
1.23 1
1.1 1
1.17 1
1.1 1
1.1 1
1.23 1
1.24 1
1.08 1
1.13 1
1.05 1
1.08 1
1.1 1
1.11 1
1.2 1
1.21 1
1.18 1
1.18 1
1.12 1
1.16 1
1.17 1
1.08 1
1.21 1
1.11 1
1.14 1
1.18 1
1.15 1
1.16 1
1.12 1
1.24 1
1.16 1
1.15 1
1.15 1
1.14 1
1.12 1
1.05 1
1.12 1
1.27 1
1.15 1
1.11 1
1.1 1
1.1 1
1.14 1
1.15 1
1.16 1
1.06 1
1.11 1
1.06 1
1.11 1
1.17 1
1.16 1
1.16 1
1.11 1
1.13 1
1.15 1
1.12 1
1.16 1
1.24 1
1.19 1
1.16 1
1.17 1
1.13 1
1.17 1
1.1 1
1.09 1
1.17 1
1.16 1
1.09 1
1.25 1
1.21 1
1.17 1
1.09 1
1.14 1
1.17 1
1.11 1
1.14 1
1.21 1
1.08 1
1.11 1
1.11 1
1.19 1
1.13 1
1.15 1
1.12 1
1.2 1
1.1 1
1.17 1
1.11 1
1.07 1
1.07 1
1.21 1
1.1 1
1.14 1
1.16 1
1.12 1
1.11 1
1.27 1
1.11 1
1.1 1
1.09 1
1.16 1
1.11 1
1.13 1
1.23 1
1.11 1
1.15 1
1.13 1
1.1 1
1.13 1
1.03 1
1.16 1
1.19 1
1.21 1
1.11 1
1.18 1
1.17 1
1.15 1
1.1 1
1.1 1
1.11 1
1.22 1
1.13 1
1.21 1
1.13 1
1.16 1
1.18 1
1.1 1
1.22 1
1.17 1
1.11 1
1.09 1
1.1 1
1.08 1
1.13 1
1.18 1
1.18 1
1.19 1
1.2 1
1.15 1
1.13 1
1.13 1
1.2 1
1.1 1
1.16 1
1.12 1
1.19 1
1.06 1
1.14 1
1.18 1
1.24 1
1.07 1
1.12 1
1.15 1
1.1 1
1.25 1
1.12 1
1.15 1
1.14 1
1.19 1
1.17 1
1.2 1
1.1 1
1.17 1
1.15 1
1.13 1
1.17 1
1.09 1
1.18 1
1.17 1
1.17 1
1.22 1
1.09 1
1.11 1
1.11 1
1.13 1
1.24 1
1.1 1
1.08 1
1.07 1
1.05 1
1.22 1
1.16 1
1.11 1
1.18 1
1.16 1
1.14 1
1.09 1
1.21 1
1.12 1
1.11 1
1.08 1
1.17 1
1.09 1
1.19 1
1.26 1
1.11 1
1.13 1
1.18 1
1.1 1
1.12 1
1.04 1
1.24 1
1.12 1
1.13 1
1.02 1
1.18 1
1.11 1
1.16 1
1.16 1
1.1 1
1.15 1
1.27 1
1.11 1
1.21 1
1.07 1
1.21 1
1.1 1
1.21 1
1.2 1
1.15 1
1.16 1
1.09 1
1.22 1
1.13 1
1.06 1
1.25 1
1.16 1
1.1 1
1.01 1
1.11 1
1.11 1
1.12 1
1.14 1
1.08 1
1.15 1
1.09 1
1.07 1
1.1 1
1.09 1
1.09 1
1.18 1
1.07 1
1.13 1
1.19 1
1.14 1
1.15 1
1.03 1
1.13 1
1.13 1
1.19 1
1.17 1
1.14 1
1.19 1
1.14 1
1.2 1
1.2 1
1.19 1
1.17 1
1.16 1
1.16 1
1.2 1
1.06 1
1.21 1
1.09 1
1.18 1
1.21 1
1.14 1
1.14 1
1.05 1
1.17 1
1.21 1
1.1 1
1.11 1
1.16 1
1.1 1
1.15 1
1.12 1
1.18 1
1.05 1
1.07 1
1.19 1
1.07 1
1.15 1
1.08 1
1.11 1
1.14 1
1.06 1
1.15 1
1.11 1
1.11 1
1.22 1
1.12 1
1.14 1
1.14 1
1.08 1
1.22 1
1.13 1
1.08 1
1.19 1
1.13 1
1.21 1
1.08 1
1.06 1
1.15 1
1.11 1
1.06 1
1.1 1
1.08 1
1.11 1
1.26 1
1.18 1
1.22 1
1.1 1
1.21 1
1.25 1
1.16 1
1.1 1
1.22 1
1.14 1
1.12 1
1.19 1
1.07 1
1.13 1
1.21 1
1.13 1
1.25 1
1.07 1
1.14 1
1.19 1
1.1 1
1.07 1
1.07 1
1.11 1
1.04 1
1.14 1
1.08 1
1.17 1
1.11 1
1.11 1
1.1 1
1.17 1
1.06 1
1.1 1
1.04 1
1.12 1
1.11 1
1.18 1
1.16 1
1.15 1
1.17 1
1.17 1
1.08 1
1.17 1
1.09 1
1.24 1
1.15 1
1.17 1
1.18 1
1.16 1
1.08 1
1.16 1
1.23 1
1.16 1
1.13 1
1.1 1
1.19 1
1.22 1
1.09 1
1.18 1
1.07 1
1.16 1
1.05 1
1.11 1
1.17 1
1.19 1
1.2 1
1.19 1
1.17 1
1.16 1
1.1 1
1.07 1
1.11 1
1.2 1
1.07 1
1.16 1
1.13 1
1.18 1
1.26 1
1.18 1
1.07 1
1.25 1
1.11 1
1.17 1
1.15 1
1.19 1
1.21 1
1.11 1
1.07 1
1.18 1
1.1 1
1.07 1
1.16 1
1.11 1
1.13 1
1.07 1
1.1 1
1.18 1
1.25 1
1.05 1
1.18 1
1.15 1
1.08 1
1.11 1
1.26 1
1.12 1
1.15 1
1.05 1
1.14 1
1.08 1
1.07 1
1.08 1
1.18 1
1.18 1
1.2 1
1.25 1
1.04 1
1.21 1
1.16 1
1.23 1
1.1 1
1.21 1
1.08 1
1.11 1
1.15 1
1.12 1
1.12 1
1.18 1
1.19 1
1.11 1
1.25 1
1.0 1
1.1 1
1.13 1
1.09 1
1.21 1
1.19 1
1.05 1
1.18 1
1.38 1
1.19 1
1.07 1
1.2 1
1.2 1
1.13 1
1.13 1
1.19 1
1.16 1
1.14 1
1.14 1
1.21 1
1.15 1
1.06 1
1.14 1
1.18 1
1.23 1
1.16 1
1.15 1
1.12 1
1.09 1
1.12 1
1.21 1
1.19 1
1.2 1
1.24 1
1.2 1
1.17 1
1.24 1
1.13 1
1.09 1
1.18 1
1.14 1
1.11 1
1.15 1
1.16 1
1.1 1
1.09 1
1.19 1
1.25 1
1.18 1
1.15 1
1.15 1
1.17 1
1.24 1
1.06 1
1.17 1
1.15 1
1.17 1
1.1 1
1.18 1
1.19 1
1.14 1
1.13 1
1.14 1
1.23 1
1.13 1
1.15 1
1.16 1
1.17 1
1.15 1
1.13 1
1.15 1
1.2 1
1.18 1
1.09 1
1.12 1
1.12 1
1.11 1
1.22 1
1.08 1
1.1 1
1.26 1
1.05 1
1.14 1
1.15 1
1.13 1
1.15 1
1.21 1
1.15 1
1.08 1
1.07 1
1.11 1
1.2 1
1.21 1
1.15 1
1.15 1
1.21 1
1.05 1
1.07 1
1.19 1
1.19 1
1.12 1
1.12 1
1.2 1
1.06 1
1.09 1
1.12 1
1.17 1
1.08 1
1.1 1
1.06 1
1.17 1
1.17 1
1.08 1
1.12 1
1.15 1
1.0 1
1.21 1
1.16 1
1.16 1
1.17 1
1.16 1
1.18 1
1.18 1
1.11 1
1.15 1
1.12 1
1.14 1
1.13 1
1.27 1
1.18 1
1.16 1
1.15 1
1.13 1
1.2 1
1.09 1
1.11 1
1.13 1
1.11 1
1.13 1
1.11 1
1.2 1
1.19 1
1.18 1
1.08 1
1.16 1
1.17 1
1.13 1
1.1 1
1.08 1
1.07 1
1.17 1
1.17 1
1.08 1
1.13 1
1.09 1
1.09 1
1.11 1
1.25 1
1.1 1
1.09 1
1.13 1
1.17 1
1.21 1
1.15 1
1.11 1
1.19 1
1.05 1
1.17 1
1.18 1
1.1 1
1.27 1
1.14 1
1.12 1
1.09 1
1.2 1
1.18 1
1.19 1
1.13 1
1.09 1
1.21 1
1.15 1
1.17 1
1.19 1
1.11 1
1.15 1
1.19 1
1.15 1
1.13 1
1.2 1
1.12 1
1.14 1
1.15 1
1.11 1
1.17 1
1.17 1
1.15 1
1.21 1
1.04 1
1.13 1
1.23 1
1.19 1
1.13 1
1.1 1
1.13 1
1.06 1
1.11 1
1.13 1
1.15 1
1.21 1
1.13 1
1.23 1
1.22 1
1.19 1
1.1 1
1.2 1
1.1 1
1.13 1
1.15 1
1.29 1
1.16 1
1.13 1
1.07 1
1.11 1
1.23 1
1.19 1
1.1 1
1.12 1
1.16 1
1.17 1
1.15 1
1.16 1
1.06 1
1.1 1
1.17 1
1.06 1
1.07 1
1.13 1
1.11 1
1.17 1
1.17 1
1.16 1
1.1 1
1.13 1
1.14 1
1.04 1
1.06 1
1.18 1
1.07 1
1.1 1
1.18 1
1.15 1
1.09 1
1.02 1
1.2 1
1.15 1
1.18 1
1.18 1
1.13 1
1.15 1
1.15 1
1.08 1
1.12 1
1.05 1
1.13 1
1.12 1
1.14 1
1.19 1
1.08 1
1.13 1
1.16 1
1.15 1
1.17 1
1.2 1
1.09 1
1.22 1
1.1 1
1.16 1
1.11 1
1.12 1
1.17 1
1.11 1
1.12 1
1.16 1
1.17 1
1.15 1
1.19 1
1.28 1
1.16 1
1.09 1
1.08 1
1.17 1
1.12 1
1.22 1
1.22 1
1.08 1
1.22 1
1.18 1
1.04 1
1.13 1
1.11 1
1.09 1
1.19 1
1.14 1
1.07 1
1.14 1
1.2 1
1.21 1
1.11 1
1.15 1
1.13 1
1.1 1
1.12 1
1.21 1
1.11 1
1.11 1
1.07 1
1.17 1
1.16 1
1.19 1
1.18 1
1.16 1
1.17 1
1.21 1
1.15 1
1.15 1
1.18 1
1.12 1
1.09 1
1.22 1
1.19 1
1.07 1
1.1 1
1.14 1
1.06 1
1.21 1
1.13 1
1.08 1
1.4 1
1.2 1
1.15 1
1.14 1
1.11 1
1.11 1
1.24 1
1.1 1
1.23 1
1.15 1
1.14 1
1.11 1
1.12 1
1.1 1
1.22 1
1.11 1
1.21 1
1.14 1
1.11 1
1.08 1
1.14 1
1.08 1
1.12 1
1.16 1
1.09 1
1.11 1
1.11 1
1.16 1
1.14 1
1.11 1
1.07 1
1.1 1
1.18 1
1.13 1
1.16 1
1.13 1
1.16 1
1.12 1
1.14 1
1.08 1
1.12 1
1.13 1
1.09 1
1.16 1
1.19 1
1.12 1
1.13 1
1.17 1
1.11 1
1.16 1
1.19 1
1.18 1
1.18 1
1.2 1
1.24 1
1.1 1
1.18 1
1.1 1
1.13 1
1.14 1
1.02 1
1.06 1
1.14 1
1.16 1
1.17 1
1.17 1
1.11 1
1.16 1
1.11 1
1.19 1
1.11 1
1.08 1
1.16 1
1.05 1
1.11 1
1.14 1
1.1 1
1.18 1
1.13 1
1.11 1
1.16 1
1.19 1
1.15 1
1.08 1
1.16 1
1.15 1
1.21 1
1.13 1
1.13 1
1.15 1
1.13 1
1.1 1
1.13 1
1.12 1
1.08 1
1.24 1
1.18 1
1.17 1
1.14 1
1.15 1
1.1 1
1.13 1
1.09 1
1.19 1
1.17 1
1.16 1
1.17 1
1.1 1
1.26 1
1.11 1
1.13 1
1.14 1
1.16 1
1.14 1
1.12 1
1.15 1
1.15 1
1.04 1
1.07 1
1.23 1
1.08 1
1.17 1
1.1 1
1.09 1
1.11 1
1.19 1
1.22 1
1.12 1
1.13 1
1.14 1
1.16 1
1.09 1
1.14 1
1.14 1
1.36 1
1.19 1
1.2 1
1.14 1
1.14 1
1.24 1
1.12 1
1.14 1
1.19 1
1.25 1
1.23 1
1.09 1
1.2 1
1.09 1
1.16 1
1.09 1
1.2 1
1.04 1
1.34 1
1.07 1
1.18 1
1.09 1
1.22 1
1.2 1
1.16 1
1.15 1
1.13 1
1.15 1
1.15 1
1.15 1
1.08 1
1.1 1
1.05 1
1.17 1
1.07 1
1.22 1
1.15 1
1.12 1
1.17 1
1.18 1
1.15 1
1.12 1
1.15 1
1.19 1
1.14 1
1.19 1
1.14 1
1.11 1
1.16 1
1.17 1
1.09 1
1.13 1
1.19 1
1.19 1
1.13 1
1.16 1
1.11 1
1.11 1
1.08 1
1.21 1
1.19 1
1.12 1
1.16 1
1.23 1
1.11 1
1.16 1
1.26 1
1.16 1
1.16 1
1.18 1
1.16 1
1.08 1
1.21 1
1.14 1
1.16 1
1.13 1
1.1 1
1.2 1
1.2 1
1.18 1
1.14 1
1.1 1
1.16 1
1.2 1
1.13 1
1.21 1
1.17 1
1.04 1
1.05 1
1.21 1
1.07 1
1.06 1
1.2 1
1.17 1
1.12 1
1.16 1
1.13 1
1.15 1
1.12 1
1.12 1
1.16 1
1.13 1
1.12 1
1.15 1
1.17 1
1.1 1
1.25 1
1.1 1
1.08 1
1.16 1
1.05 1
1.1 1
1.08 1
1.11 1
1.09 1
1.21 1
1.19 1
1.12 1
1.11 1
1.14 1
1.25 1
1.13 1
1.14 1
1.09 1
1.2 1
1.08 1
1.11 1
1.09 1
1.19 1
1.15 1
1.21 1
1.13 1
1.21 1
1.17 1
1.22 1
1.17 1
1.15 1
1.18 1
1.1 1
1.08 1
1.18 1
1.14 1
1.1 1
1.18 1
1.23 1
1.19 1
1.07 1
1.08 1
1.22 1
1.24 1
1.14 1
1.14 1
1.21 1
1.18 1
1.19 1
1.11 1
1.15 1
1.11 1
1.07 1
1.17 1
1.15 1
1.12 1
1.19 1
1.09 1
1.15 1
1.11 1
1.09 1
1.27 1
1.14 1
1.18 1
1.16 1
1.15 1
1.11 1
1.14 1
1.19 1
1.06 1
1.15 1
1.23 1
1.15 1
1.13 1
1.12 1
1.19 1
1.13 1
1.14 1
1.15 1
1.11 1
1.08 1
1.13 1
1.21 1
1.17 1
1.19 1
1.05 1
1.09 1
1.11 1
1.2 1
1.12 1
1.16 1
1.1 1
1.16 1
1.12 1
1.07 1
1.11 1
1.2 1
1.19 1
1.14 1
1.09 1
1.16 1
1.1 1
1.15 1
1.04 1
1.17 1
1.13 1
1.07 1
1.08 1
1.1 1
1.1 1
1.18 1
1.11 1
1.2 1
1.08 1
1.16 1
1.08 1
1.11 1
1.15 1
1.22 1
1.15 1
1.22 1
1.08 1
1.12 1
1.21 1
1.17 1
1.19 1
1.13 1
1.16 1
1.16 1
1.19 1
1.2 1
1.24 1
1.2 1
1.2 1
1.09 1
1.27 1
1.13 1
1.24 1
1.13 1
1.11 1
1.13 1
1.05 1
1.19 1
1.15 1
1.09 1
1.09 1
1.13 1
1.17 1
1.12 1
1.16 1
1.09 1
1.24 1
1.14 1
1.12 1
1.22 1
1.11 1
1.09 1
1.04 1
1.06 1
1.14 1
1.15 1
1.14 1
1.1 1
1.2 1
1.12 1
1.11 1
1.14 1
1.09 1
1.17 1
1.21 1
1.13 1
1.12 1
1.14 1
1.19 1
1.16 1
1.19 1
1.04 1
1.14 1
1.17 1
1.14 1
1.24 1
1.05 1
1.17 1
1.25 1
1.2 1
1.09 1
1.19 1
1.17 1
1.21 1
1.19 1
1.11 1
1.17 1
1.07 1
1.19 1
1.2 1
1.14 1
1.1 1
1.16 1
1.21 1
1.11 1
1.25 1
1.17 1
1.13 1
1.12 1
1.1 1
1.14 1
1.14 1
1.15 1
1.06 1
1.19 1
1.22 1
1.16 1
1.1 1
1.07 1
1.19 1
1.13 1
1.18 1
1.12 1
1.05 1
1.21 1
1.19 1
1.09 1
1.16 1
1.12 1
1.17 1
1.18 1
1.19 1
1.09 1
1.18 1
1.12 1
1.21 1
1.15 1
1.18 1
1.11 1
1.15 1
1.25 1
1.14 1
1.21 1
1.23 1
1.17 1
1.05 1
1.13 1
1.17 1
1.11 1
1.17 1
1.1 1
1.2 1
1.1 1
1.1 1
1.17 1
1.22 1
1.09 1
1.11 1
1.09 1
1.21 1
1.09 1
1.13 1
1.06 1
1.21 1
1.18 1
1.15 1
1.09 1
1.17 1
1.13 1
1.17 1
1.12 1
1.14 1
1.17 1
1.15 1
1.15 1
1.24 1
1.11 1
1.16 1
1.09 1
1.2 1
1.15 1
1.11 1
1.18 1
1.16 1
1.02 1
1.18 1
1.08 1
1.17 1
1.1 1
1.06 1
1.14 1
1.02 1
1.1 1
1.19 1
1.12 1
1.13 1
1.15 1
1.2 1
1.1 1
1.11 1
1.08 1
1.24 1
1.12 1
1.2 1
1.24 1
1.11 1
1.07 1
1.23 1
1.12 1
1.06 1
1.17 1
1.08 1
1.15 1
1.12 1
1.19 1
1.16 1
1.12 1
1.15 1
1.1 1
1.2 1
1.13 1
1.1 1
1.08 1
1.14 1
1.17 1
1.15 1
1.15 1
1.15 1
1.19 1
1.15 1
1.1 1
1.22 1
1.02 1
1.1 1
1.26 1
1.25 1
1.14 1
1.16 1
1.14 1
1.22 1
1.15 1
1.16 1
1.17 1
1.12 1
1.11 1
1.12 1
1.17 1
1.13 1
1.2 1
1.17 1
1.16 1
1.15 1
1.15 1
1.15 1
1.07 1
1.18 1
1.1 1
1.02 1
1.15 1
1.19 1
1.14 1
1.15 1
1.14 1
1.1 1
1.14 1
1.04 1
1.12 1
1.17 1
1.09 1
1.14 1
1.18 1
1.07 1
1.12 1
1.18 1
1.11 1
1.22 1
1.12 1
1.09 1
1.14 1
1.17 1
1.19 1
1.13 1
1.18 1
1.24 1
1.09 1
1.12 1
1.23 1
1.12 1
1.03 1
1.12 1
1.06 1
1.16 1
1.15 1
1.12 1
1.11 1
1.12 1
1.19 1
1.13 1
1.18 1
1.13 1
1.16 1
1.19 1
1.09 1
1.18 1
1.22 1
1.17 1
1.12 1
1.11 1
1.09 1
1.26 1
1.24 1
1.12 1
1.22 1
1.18 1
1.15 1
1.14 1
1.13 1
1.2 1
1.22 1
1.15 1
1.11 1
1.17 1
1.09 1
1.05 1
1.19 1
1.09 1
1.06 1
1.16 1
1.1 1
1.13 1
1.12 1
1.11 1
1.05 1
1.12 1
1.21 1
1.15 1
1.16 1
1.09 1
1.17 1
1.11 1
1.15 1
1.05 1
1.18 1
1.24 1
1.15 1
1.11 1
1.18 1
1.21 1
1.15 1
1.16 1
1.17 1
1.1 1
1.13 1
1.09 1
1.16 1
1.12 1
1.16 1
1.2 1
1.14 1
1.16 1
1.33 1
1.11 1
1.16 1
1.22 1
1.1 1
1.13 1
1.17 1
1.14 1
1.14 1
1.13 1
1.16 1
1.21 1
1.11 1
1.17 1
1.1 1
1.13 1
1.19 1
1.26 1
1.12 1
1.05 1
1.18 1
1.12 1
1.09 1
1.08 1
1.17 1
1.07 1
1.08 1
1.17 1
1.17 1
1.12 1
1.14 1
1.21 1
1.15 1
1.15 1
1.17 1
1.04 1
1.17 1
1.13 1
1.23 1
1.13 1
1.13 1
1.11 1
1.16 1
1.18 1
1.07 1
1.15 1
1.17 1
1.2 1
1.18 1
1.18 1
1.08 1
1.09 1
1.11 1
1.14 1
1.19 1
1.11 1
1.18 1
1.18 1
1.12 1
1.12 1
1.15 1
1.11 1
1.2 1
1.12 1
1.18 1
1.13 1
1.26 1
1.18 1
1.12 1
1.1 1
1.28 1
1.2 1
1.15 1
1.15 1
1.22 1
1.13 1
1.14 1
1.17 1
1.1 1
1.16 1
1.19 1
1.16 1
1.06 1
1.19 1
1.03 1
1.14 1
1.15 1
1.11 1
1.21 1
1.2 1
1.08 1
1.07 1
1.21 1
1.2 1
1.18 1
1.18 1
1.12 1
1.16 1
1.1 1
1.1 1
1.14 1
1.16 1
1.12 1
1.21 1
1.15 1
1.22 1
1.19 1
1.1 1
1.08 1
1.19 1
1.25 1
1.23 1
1.13 1
1.19 1
1.09 1
1.15 1
1.16 1
1.08 1
1.14 1
1.07 1
1.05 1
1.1 1
1.1 1
1.15 1
1.11 1
1.23 1
1.2 1
1.12 1
1.19 1
1.16 1
1.18 1
1.12 1
1.23 1
1.08 1
1.12 1
1.14 1
1.13 1
1.05 1
1.16 1
1.18 1
1.17 1
1.15 1
1.09 1
1.13 1
1.17 1
1.19 1
1.15 1
1.19 1
1.23 1
1.21 1
1.15 1
1.16 1
1.14 1
1.17 1
1.11 1
1.14 1
1.18 1
1.08 1
1.17 1
1.23 1
1.21 1
1.14 1
1.12 1
1.23 1
1.15 1
1.24 1
1.15 1
1.19 1
1.14 1
1.1 1
1.14 1
1.1 1
1.17 1
1.16 1
1.03 1
1.14 1
1.22 1
1.16 1
1.19 1
1.1 1
1.11 1
1.17 1
1.09 1
1.14 1
1.04 1
1.16 1
1.21 1
1.22 1
1.08 1
1.18 1
1.04 1
1.11 1
19.11 9
15.94 9
14.39 8
13.28 7
11.54 7
9.41 7
8.83 7
8.41 6
8.96 6
7.36 5
6.21 4
5.59 4
4.88 4
4.26 4
4.07 4
4.16 4
4.09 4
4.07 4
4.1 4
4.18 4
4.05 4
4.14 4
4.06 4
4.13 4
4.1 4
4.07 4
4.13 4
4.11 4
4.11 4
4.19 4
4.05 4
4.16 4
4.16 4
4.12 4
4.11 4
4.16 4
4.12 4
4.13 4
4.06 4
4.08 4
4.1 4
4.05 4
4.2 4
4.18 4
4.13 4
4.15 4
4.11 4
4.11 4
4.14 4
4.18 4
4.09 4
4.13 4
4.13 4
4.12 4
4.1 4
4.16 4
4.06 4
4.06 4
4.17 4
4.08 4
4.19 4
4.18 4
4.1 4
4.12 4
4.05 4
4.14 4
4.09 4
4.1 4
4.07 4
4.09 4
4.19 4
4.08 4
4.1 4
4.08 4
4.17 4
4.15 4
4.13 4
4.1 4
4.1 4
4.13 4
4.12 4
4.13 4
4.14 4
4.06 4
4.15 4
4.15 4
4.05 4
4.11 4
4.04 4
4.12 4
4.11 4
4.1 4
4.15 4
4.18 4
4.03 4
4.1 4
4.1 4
4.1 4
4.14 4
4.23 4
4.21 4
4.09 4
4.1 4
4.08 4
4.18 4
4.1 4
4.13 4
4.06 4
4.15 4
4.14 4
4.11 4
4.07 4
4.11 4
4.11 4
4.15 4
4.11 4
4.12 4
4.16 4
4.11 4
4.13 4
4.11 4
4.09 4
4.14 4
4.13 4
4.07 4
4.18 4
4.06 4
4.13 4
4.14 4
4.11 4
4.19 4
4.15 4
4.13 4
4.1 4
4.1 2
3.82 2
3.3 2
2.25 2
2.14 2
2.18 2
2.13 2
2.06 2
2.08 2
2.13 2
2.13 2
2.22 2
2.16 2
2.09 2
2.17 2
2.1 2
2.15 2
2.18 2
2.12 2
2.09 2
2.2 2
2.11 2
2.12 2
2.09 2
2.17 2
2.12 2
2.12 2
2.12 2
2.14 2
2.14 2
2.27 2
2.11 2
2.12 2
2.11 2
2.1 2
2.12 2
2.26 2
2.14 2
2.22 2
2.16 2
2.15 2
2.08 2
2.15 2
2.21 2
2.14 2
2.13 2
2.18 2
2.11 2
2.15 2
2.25 2
2.13 2
2.09 2
2.18 2
2.13 2
2.07 2
2.2 2
2.07 2
2.25 2
2.1 2
2.16 2
2.17 2
2.08 2
2.24 2
2.22 2
2.16 2
2.12 2
2.13 2
2.14 2
2.17 2
2.22 2
2.14 2
2.16 2
2.17 2
2.15 2
2.1 2
2.16 2
2.12 2
2.26 2
2.15 2
2.18 2
2.09 2
2.16 2
2.13 2
2.12 2
2.13 2
2.07 2
2.11 2
2.08 2
2.19 2
2.13 2
2.16 2
2.19 2
2.14 2
2.18 2
2.12 2
2.1 2
2.15 2
2.13 2
2.05 2
2.11 2
2.14 2
2.06 2
2.16 2
2.06 2
2.14 2
2.26 2
2.1 2
2.1 2
2.18 2
2.1 2
2.13 2
2.2 2
2.14 2
2.16 2
2.21 2
2.09 2
2.12 2
2.13 2
2.16 2
2.16 2
2.14 2
2.09 2
2.11 2
2.15 2
2.07 2
2.04 2
2.06 2
2.12 2
2.16 2
2.13 2
2.16 2
2.15 2
2.19 2
2.16 2
2.17 2
2.16 2
2.17 2
2.18 2
2.15 2
2.48 2
2.07 2
2.17 2
2.15 2
2.18 2
2.24 2
2.07 2
2.13 2
2.11 2
2.12 2
2.12 2
2.11 2
2.16 2
2.32 2
2.16 2
2.13 2
2.16 2
2.05 2
2.07 2
2.09 2
2.29 2
2.09 2
2.12 2
2.09 2
2.11 2
2.14 2
2.16 2
2.17 2
2.14 2
2.21 2
2.23 2
2.1 2
2.14 2
2.15 2
2.11 2
2.18 2
2.17 2
2.1 2
2.1 2
2.11 2
2.2 2
2.15 2
2.11 2
2.1 2
2.12 2
2.1 2
2.06 2
2.16 2
2.07 2
2.21 2
2.11 2
2.18 2
2.14 2
2.09 2
2.08 2
2.16 2
2.23 2
2.1 2
2.11 2
2.16 2
2.14 2
2.09 2
2.07 2
2.19 2
2.12 2
2.2 2
2.06 2
2.08 2
2.22 2
2.17 2
2.19 2
2.12 2
2.11 2
2.26 2
2.12 2
2.05 2
2.17 2
2.11 2
2.1 2
2.1 2
2.05 2
2.11 2
2.15 2
2.08 2
2.11 2
2.19 2
2.06 2
2.13 2
2.16 2
2.24 2
2.1 2
2.1 2
2.17 2
2.07 2
2.2 2
2.17 2
2.07 2
2.12 2
2.15 2
2.1 2
2.12 2
2.17 2
2.19 2
2.09 2
2.16 2
2.09 2
2.09 2
2.11 2
2.07 2
2.09 2
2.05 2
2.13 2
2.04 2
2.15 2
2.16 2
2.17 2
2.16 2
2.12 2
2.17 2
2.13 2
2.07 2
2.15 2
2.13 2
2.09 2
2.16 2
2.16 2
2.07 2
2.18 2
2.08 2
2.09 2
2.12 2
2.22 2
2.16 2
2.21 2
2.12 2
2.2 2
2.14 2
2.09 2
2.06 2
2.22 2
2.08 2
2.01 2
2.16 2
2.16 2
2.06 2
2.29 2
2.17 2
2.21 2
2.05 2
2.07 2
2.07 2
2.16 2
2.15 2
2.04 2
2.12 2
2.07 2
2.16 2
2.14 2
2.17 2
2.16 2
2.14 2
2.12 2
2.11 2
2.09 2
2.09 2
2.14 2
2.18 2
2.23 2
2.02 2
2.07 2
2.07 2
2.14 2
2.12 2
2.17 2
2.2 2
2.1 2
2.12 2
2.07 2
2.13 2
2.12 2
2.08 2
2.06 2
2.08 2
2.09 2
2.1 2
2.1 2
2.23 2
2.15 2
2.1 2
2.08 2
2.14 2
2.11 2
2.16 2
2.05 2
2.13 2
2.08 2
2.21 2
2.14 2
2.15 2
2.09 2
2.06 2
2.09 2
2.18 2
2.15 2
2.06 2
2.1 2
2.07 2
2.12 2
2.17 2
2.16 2
2.11 2
2.06 2
2.18 2
2.14 2
2.11 2
2.14 2
2.07 2
2.07 2
2.14 2
2.15 2
2.09 2
2.13 2
2.22 2
2.06 2
2.17 2
2.19 2
2.14 2
2.07 2
2.15 2
2.11 2
2.16 2
2.06 2
2.08 2
2.18 2
2.13 2
2.09 2
2.13 2
2.16 2
2.16 2
2.17 2
2.29 2
2.13 2
2.1 2
2.16 2
2.23 2
2.12 2
2.17 2
2.09 2
2.18 2
2.17 2
2.17 2
2.15 2
2.09 2
2.12 2
2.11 2
2.16 2
2.09 2
2.12 2
2.22 2
2.14 2
2.12 2
2.07 2
2.16 2
2.08 2
2.1 2
2.15 2
2.14 2
2.13 2
2.15 2
2.12 2
2.18 2
2.15 2
2.07 2
2.17 2
2.18 2
2.12 2
2.15 2
2.14 2
2.2 2
2.09 2
2.18 2
2.12 2
2.07 2
2.15 2
2.17 2
2.17 2
2.15 2
2.14 2
2.13 2
2.12 2
2.18 2
2.12 2
2.12 2
2.26 2
2.2 2
2.09 2
2.1 2
2.15 2
2.08 2
2.04 2
2.13 2
2.1 2
2.22 2
2.11 2
2.11 2
2.14 2
2.17 2
2.13 2
2.13 2
2.19 2
2.16 2
2.17 2
2.14 2
2.12 2
2.15 2
2.1 2
2.15 2
2.2 2
2.18 2
2.1 2
2.16 2
2.08 2
2.1 2
2.14 2
2.15 2
2.11 2
2.07 2
2.16 2
2.17 2
2.2 2
2.15 2
2.12 2
2.13 2
2.12 2
2.11 2
2.1 2
2.21 2
2.17 2
2.11 2
2.11 2
2.08 2
2.06 2
2.17 2
2.11 2
2.14 2
2.09 2
2.14 2
2.07 2
2.26 2
2.17 2
2.07 2
2.02 2
2.19 2
2.08 2
2.09 2
2.06 2
2.14 2
2.2 2
2.06 2
2.16 2
2.14 2
2.1 2
2.12 2
2.14 2
2.13 2
2.12 2
2.1 2
2.05 2
2.08 2
2.12 2
2.16 2
2.08 2
2.15 2
2.12 2
2.23 2
2.07 2
2.13 2
2.07 2
2.11 2
2.14 2
2.12 2
2.12 2
2.09 2
2.19 2
2.03 2
2.16 2
2.12 2
2.13 2
2.17 2
2.07 2
2.15 2
2.26 2
2.15 2
2.23 2
2.15 2
2.15 2
2.22 2
2.04 2
2.12 2
2.14 2
2.18 2
2.2 2
2.12 2
2.07 2
2.16 2
2.16 2
2.07 2
2.16 2
2.14 2
2.15 2
2.21 2
2.23 2
2.19 2
2.14 2
2.19 2
2.13 2
2.18 2
2.18 2
2.08 2
2.21 2
2.15 2
2.13 2
2.15 2
2.21 2
2.06 2
2.13 2
2.22 2
2.22 2
2.12 2
2.13 2
2.09 2
2.17 2
2.18 2
2.09 2
2.07 2
2.17 2
2.1 2
2.18 2
2.1 2
2.12 2
2.11 2
2.1 2
2.11 2
2.18 2
2.11 2
2.1 2
2.09 2
2.12 2
2.12 2
2.21 2
2.24 2
2.05 2
2.2 2
2.11 2
2.14 2
2.12 2
2.13 2
2.08 2
2.16 2
2.13 2
2.11 2
2.23 2
2.2 2
2.16 2
2.14 2
2.11 2
2.12 2
2.16 2
2.04 2
2.1 2
2.12 2
2.15 2
2.11 2
2.15 2
2.11 2
2.18 2
2.09 2
2.12 2
2.17 2
2.22 2
2.06 2
2.1 2
2.08 2
2.14 2
2.29 2
2.23 2
2.05 2
2.16 2
2.14 2
2.09 2
2.09 2
2.13 2
2.08 2
2.13 2
2.13 2
2.11 2
2.16 2
2.1 2
2.16 2
2.11 2
2.14 2
2.18 2
2.06 1
2.52 1
2.62 1
2.47 1
2.91 1
2.83 1
4.05 1
2.91 1
3.2 1
1.11 1
1.14 1
1.16 1
1.13 1
1.14 1
1.13 1
1.19 1
1.22 1
1.18 1
1.15 1
1.14 1
1.17 1
1.17 1
1.14 1
1.14 1
1.21 1
1.09 1
1.13 1
1.02 1
1.17 1
1.12 1
1.04 1
1.13 1
1.14 1
1.15 1
1.14 1
1.15 1
1.14 1
1.17 1
1.17 1
1.13 1
1.16 1
1.09 1
1.14 1
1.06 1
1.04 1
1.03 1
1.08 1
1.15 1
1.16 1
1.07 1
1.14 1
1.09 1
1.11 1
1.1 1
1.15 1
1.05 1
1.14 1
1.17 1
1.23 1
1.17 1
1.1 1
1.13 1
1.12 1
1.12 1
1.16 1
1.1 1
1.15 1
1.14 1
1.16 1
1.17 1
1.13 1
1.1 1
1.18 1
1.11 1
1.05 1
1.19 1
1.13 1
1.13 1
1.14 1
1.21 1
1.15 1
1.14 1
1.1 1
1.1 1
1.13 1
1.04 1
1.2 1
1.07 1
1.13 1
1.19 1
1.15 1
1.1 1
1.17 1
1.15 1
1.23 1
1.15 1
1.1 1
1.0 1
1.15 1
1.08 1
1.1 1
1.12 1
1.2 1
1.09 1
1.15 1
1.12 1
1.11 1
1.14 1
1.18 1
1.22 1
1.19 1
1.16 1
1.16 1
1.15 1
1.07 1
1.14 1
1.27 1
1.12 1
1.13 1
1.16 1
1.19 1
1.13 1
1.08 1
1.09 1
1.16 1
1.21 1
1.07 1
1.11 1
1.2 1
1.1 1
1.19 1
1.12 1
1.11 1
1.13 1
1.18 1
1.2 1
1.17 1
1.16 1
1.09 1
1.23 1
1.09 1
1.07 1
1.09 1
1.08 1
1.11 1
1.14 1
1.14 1
1.12 1
1.09 1
1.18 1
1.13 1
1.21 1
1.08 1
1.18 1
1.16 1
1.14 1
1.1 1
1.05 1
1.1 1
1.18 1
1.14 1
1.18 1
1.12 1
1.05 1
1.05 1
1.07 1
1.13 1
1.11 1
1.13 1
1.11 1
1.13 1
1.12 1
1.21 1
1.08 1
1.11 1
1.07 1
1.16 1
1.13 1
1.17 1
1.11 1
1.11 1
1.11 1
1.11 1
1.1 1
1.19 1
1.17 1
1.12 1
1.17 1
1.11 1
1.12 1
1.16 1
1.15 1
1.14 1
1.11 1
1.19 1
1.12 1
1.18 1
1.07 1
1.19 1
1.14 1
1.11 1
1.12 1
1.11 1
1.14 1
1.11 1
1.09 1
1.14 1
1.12 1
1.09 1
1.2 1
1.23 1
1.16 1
1.16 1
1.12 1
1.14 1
1.14 1
1.09 1
1.19 1
1.23 1
1.13 1
1.18 1
1.2 1
1.04 1
1.22 1
1.14 1
1.17 1
1.16 1
1.14 1
1.15 1
1.19 1
1.11 1
1.21 1
1.06 1
1.08 1
1.14 1
1.09 1
1.12 1
1.08 1
1.1 1
1.2 1
1.13 1
1.11 1
1.1 1
1.13 1
1.16 1
1.06 1
1.12 1
1.11 1
1.22 1
1.19 1
1.09 1
1.19 1
1.12 1
1.15 1
1.08 1
1.16 1
1.15 1
1.07 1
1.21 1
1.18 1
1.16 1
1.24 1
1.14 1
1.11 1
1.15 1
1.03 1
1.09 1
1.06 1
1.17 1
1.09 1
1.12 1
1.23 1
1.13 1
1.11 1
1.19 1
1.14 1
1.12 1
1.13 1
1.26 1
1.15 1
1.05 1
1.09 1
1.11 1
1.15 1
1.14 1
1.05 1
1.11 1
1.21 1
1.14 1
1.12 1
1.12 1
1.14 1
1.08 1
1.18 1
1.08 1
1.1 1
1.13 1
1.16 1
1.09 1
1.14 1
1.15 1
1.18 1
1.17 1
1.08 1
1.06 1
1.09 1
1.15 1
1.19 1
1.18 1
1.07 1
1.1 1
1.15 1
1.11 1
1.14 1
1.18 1
1.15 1
1.14 1
1.11 1
1.19 1
1.17 1
1.23 1
1.1 1
1.03 1
1.18 1
1.11 1
1.14 1
1.07 1
1.2 1
1.21 1
1.13 1
1.08 1
1.15 1
1.07 1
1.05 1
1.1 1
1.13 1
1.14 1
1.19 1
1.13 1
1.18 1
1.14 1
1.2 1
1.17 1
1.1 1
1.16 1
1.13 1
1.09 1
1.2 1
1.07 1
1.16 1
1.19 1
1.08 1
1.21 1
1.13 1
1.16 1
1.15 1
1.19 1
1.12 1
1.14 1
1.1 1
1.14 1
1.12 1
1.11 1
1.09 1
1.22 1
1.17 1
1.08 1
1.2 1
1.13 1
1.13 1
1.1 1
1.13 1
1.08 1
1.12 1
1.18 1
1.12 1
1.12 1
1.12 1
1.08 1
1.17 1
1.09 1
1.16 1
1.11 1
1.13 1
1.14 1
1.13 1
1.1 1
1.08 1
1.15 1
1.2 1
1.15 1
1.18 1
1.17 1
1.2 1
1.14 1
1.08 1
1.12 1
1.03 1
1.13 1
1.08 1
1.07 1
1.16 1
1.17 1
1.22 1
1.1 1
1.18 1
1.06 1
1.19 1
1.16 1
1.07 1
1.04 1
1.16 1
1.16 1
1.15 1
1.17 1
1.04 1
1.26 1
1.12 1
1.21 1
1.15 1
1.14 1
1.12 1
1.22 1
1.21 1
1.17 1
1.11 1
1.09 1
1.09 1
1.11 1
1.18 1
1.08 1
1.05 1
1.16 1
1.11 1
1.17 1
1.2 1
1.11 1
1.09 1
1.18 1
1.16 1
1.14 1
1.17 1
1.15 1
1.15 1
1.08 1
1.16 1
1.07 1
1.16 1
1.12 1
1.16 1
1.07 1
1.09 1
1.13 1
1.16 1
1.14 1
1.1 1
1.18 1
1.19 1
1.16 1
1.13 1
1.16 1
1.1 1
1.18 1
1.1 1
1.1 1
1.17 1
1.12 1
1.2 1
1.09 1
1.13 1
1.14 1
1.05 1
1.12 1
1.08 1
1.14 1
1.13 1
1.09 1
1.11 1
1.13 1
1.1 1
1.07 1
1.1 1
1.19 1
1.19 1
1.15 1
1.12 1
1.15 1
1.19 1
1.2 1
1.05 1
1.08 1
1.17 1
1.15 1
1.12 1
1.09 1
1.19 1
1.19 1
1.18 1
1.13 1
1.1 1
1.18 1
1.17 1
1.12 1
1.11 1
1.15 1
1.17 1
1.1 1
1.04 1
1.08 1
1.05 1
1.16 1
1.12 1
1.18 1
1.09 1
1.14 1
1.18 1
1.19 1
1.19 1
1.13 1
1.19 1
1.1 1
1.2 1
1.16 1
1.15 1
1.1 1
1.22 1
1.1 1
1.11 1
1.17 1
1.13 1
1.16 1
1.24 1
1.13 1
1.18 1
1.04 1
1.2 1
1.28 1
1.15 1
1.11 1
1.2 1
1.09 1
1.21 1
1.15 1
1.25 1
1.18 1
1.24 1
1.21 1
1.14 1
1.08 1
1.12 1
1.11 1
1.13 1
1.17 1
1.11 1
1.17 1
1.2 1
1.15 1
1.15 1
1.1 1
1.15 1
1.23 1
1.13 1
1.15 1
1.19 1
1.05 1
1.13 1
1.13 1
1.12 1
1.13 1
1.08 1
1.11 1
1.12 1
1.13 1
1.13 1
1.14 1
1.13 1
1.19 1
1.22 1
1.16 1
1.1 1
1.16 1
1.11 1
1.15 1
1.09 1
1.13 1
1.1 1
1.19 1
1.2 1
1.08 1
1.14 1
1.14 1
1.23 1
1.14 1
1.15 1
1.07 1
1.06 1
1.08 1
1.04 1
1.22 1
1.15 1
1.14 1
1.06 1
1.21 1
1.06 1
1.2 1
1.15 1
1.15 1
1.1 1
1.09 1
1.04 1
1.1 1
1.23 1
1.09 1
1.09 1
1.21 1
1.13 1
1.15 1
1.15 1
1.18 1
1.17 1
1.15 1
1.17 1
1.12 1
1.09 1
1.09 1
1.15 1
1.15 1
1.19 1
1.13 1
1.22 1
1.17 1
1.13 1
1.17 1
1.15 1
1.15 1
1.2 1
1.19 1
1.06 1
1.15 1
1.12 1
1.19 1
1.12 1
1.12 1
1.11 1
1.08 1
1.1 1
1.18 1
1.09 1
1.17 1
1.12 1
1.12 1
1.17 1
1.06 1
1.21 1
1.12 1
1.19 1
1.15 1
1.15 1
1.12 1
1.12 1
1.14 1
1.14 1
1.11 1
1.13 1
1.19 1
1.18 1
1.15 1
1.11 1
1.15 1
1.14 1
1.13 1
1.06 1
1.1 1
1.18 1
1.09 1
1.12 1
1.18 1
1.17 1
1.18 1
1.13 1
1.1 1
1.18 1
1.27 1
1.18 1
1.09 1
1.14 1
1.18 1
1.15 1
1.06 1
1.18 1
1.11 1
1.07 1
1.13 1
1.12 1
1.12 1
1.12 1
1.17 1
1.12 1
1.13 1
1.13 1
1.18 1
1.08 1
1.11 1
1.12 1
1.17 1
1.13 1
1.16 1
1.16 1
1.09 1
1.21 1
1.09 1
1.12 1
1.11 1
1.17 1
1.13 1
1.25 1
1.12 1
1.14 1
1.19 1
1.14 1
1.07 1
1.16 1
1.22 1
1.09 1
1.16 1
1.16 1
1.14 1
1.05 1
1.17 1
1.11 1
1.13 1
1.14 1
1.12 1
1.12 1
1.06 1
1.06 1
1.17 1
1.07 1
1.13 1
1.18 1
1.08 1
1.2 1
1.17 1
1.08 1
1.06 1
1.15 1
1.17 1
1.1 1
1.12 1
1.16 1
1.15 1
1.13 1
1.13 1
1.17 1
1.08 1
1.15 1
1.19 1
1.16 1
1.17 1
1.12 1
1.08 1
1.21 1
1.1 1
1.13 1
1.08 1
1.19 1
1.09 1
1.11 1
1.1 1
1.08 1
1.16 1
1.14 1
1.16 1
1.16 1
1.11 1
1.1 1
1.24 1
1.14 1
1.1 1
1.06 1
1.13 1
1.11 1
1.16 1
1.14 1
1.16 1
1.13 1
1.16 1
1.11 1
1.18 1
1.13 1
1.05 1
1.13 1
1.13 1
1.17 1
1.18 1
1.11 1
1.13 1
1.12 1
1.02 1
1.25 1
1.12 1
1.14 1
1.19 1
1.13 1
1.1 1
1.06 1
1.13 1
1.12 1
1.17 1
1.15 1
1.12 1
1.12 1
1.08 1
1.18 1
1.22 1
1.18 1
1.1 1
1.1 1
1.16 1
1.12 1
1.01 1
1.15 1
1.17 1
1.18 1
1.18 1
1.18 1
1.15 1
1.13 1
1.2 1
1.09 1
1.15 1
1.14 1
1.17 1
1.12 1
1.15 1
1.14 1
1.13 1
1.09 1
1.18 1
1.16 1
1.25 1
1.11 1
1.19 1
1.08 1
1.18 1
1.11 1
1.12 1
1.14 1
1.09 1
1.13 1
1.25 1
1.23 1
1.09 1
1.16 1
1.17 1
1.11 1
1.14 1
1.14 1
1.2 1
1.18 1
1.07 1
1.14 1
1.16 1
1.17 1
1.12 1
1.04 1
1.19 1
1.2 1
1.08 1
1.11 1
1.14 1
1.15 1
1.14 1
1.09 1
1.16 1
1.04 1
1.2 1
1.09 1
1.22 1
1.15 1
1.16 1
1.1 1
1.14 1
1.12 1
1.22 1
1.13 1
1.18 1
1.15 1
1.14 1
1.12 1
1.09 1
1.15 1
1.06 1
1.11 1
1.17 1
1.19 1
1.17 1
1.19 1
1.23 1
1.14 1
1.15 1
1.14 1
1.08 1
1.17 1
1.08 1
1.09 1
1.13 1
1.23 1
1.05 1
1.19 1
1.1 1
1.13 1
1.1 1
1.1 1
1.13 1
1.1 1
1.06 1
1.2 1
1.09 1
1.07 1
1.12 1
1.12 1
1.19 1
1.16 1
1.14 1
1.11 1
1.19 1
1.12 1
1.09 1
1.08 1
1.17 1
1.03 1
1.04 1
1.09 1
1.1 1
1.13 1
1.18 1
1.2 1
1.12 1
1.05 1
1.25 1
1.13 1
1.21 1
1.02 1
1.17 1
1.18 1
1.09 1
1.15 1
1.12 1
1.18 1
1.14 1
1.13 1
1.09 1
1.12 1
1.22 1
1.21 1
1.21 1
1.08 1
1.2 1
1.12 1
1.2 1
1.06 1
1.25 1
1.2 1
1.07 1
1.14 1
1.26 1
1.18 1
1.19 1
1.15 1
1.21 1
1.08 1
1.11 1
1.13 1
1.14 1
1.13 1
1.14 1
1.13 1
1.11 1
1.14 1
1.2 1
1.15 1
1.16 1
1.07 1
1.2 1
1.1 1
1.14 1
1.14 1
1.23 1
1.14 1
1.19 1
1.12 1
1.24 1
1.25 1
1.14 1
1.19 1
1.13 1
1.08 1
1.2 1
1.15 1
1.19 1
1.14 1
1.18 1
1.2 1
1.13 1
1.13 1
1.05 1
1.16 1
1.11 1
1.15 1
1.11 1
1.08 1
1.18 1
1.11 1
1.09 1
1.12 1
1.17 1
1.24 1
1.09 1
1.21 1
1.15 1
1.14 1
1.18 1
1.15 1
1.07 1
1.16 1
1.05 1
1.14 1
1.12 1
1.1 1
1.12 1
1.18 1
1.17 1
1.21 1
1.1 1
1.14 1
1.12 1
1.2 1
1.11 1
1.13 1
1.13 1
1.14 1
1.08 1
1.13 1
1.1 1
1.02 1
1.16 1
1.19 1
1.19 1
1.11 1
1.07 1
1.12 1
1.16 1
1.11 1
1.21 1
1.07 1
1.11 1
1.2 1
1.19 1
1.11 1
1.16 1
1.13 1
1.16 1
1.1 1
1.09 1
1.12 1
1.21 1
1.16 1
1.13 1
1.05 1
1.16 1
1.13 1
1.17 1
1.15 1
1.12 1
1.12 1
1.08 1
1.13 1
1.13 1
1.1 1
1.15 1
1.09 1
1.25 1
1.22 1
1.13 1
1.21 1
1.05 1
1.09 1
1.1 1
1.18 1
1.15 1
1.14 1
1.23 1
1.14 1
1.12 1
1.13 1
1.14 1
1.07 1
1.13 1
1.08 1
1.19 1
1.17 1
1.08 1
1.12 1
1.15 1
1.11 1
1.09 1
1.13 1
1.11 1
1.09 1
1.16 1
1.2 1
1.18 1
1.15 1
1.12 1
1.17 1
1.15 1
1.16 1
1.16 1
1.11 1
1.09 1
1.14 1
1.08 1
1.13 1
1.04 1
1.12 1
1.18 1
1.11 1
1.09 1
1.1 1
1.07 1
1.08 1
1.12 1
1.13 1
1.16 1
1.1 1
1.12 1
1.05 1
1.17 1
1.16 1
1.08 1
1.1 1
1.08 1
1.2 1
1.12 1
1.11 1
1.2 1
1.11 1
1.08 1
1.12 1
1.03 1
1.09 1
1.17 1
1.17 1
1.18 1
1.14 1
1.11 1
1.06 1
1.24 1
1.05 1
1.14 1
1.14 1
1.18 1
1.21 1
1.12 1
1.09 1
1.11 1
1.14 1
1.14 1
1.07 1
1.17 1
1.12 1
1.1 1
1.12 1
1.15 1
1.15 1
1.15 1
1.15 1
1.16 1
1.07 1
1.1 1
1.12 1
1.11 1
1.12 1
1.17 1
1.16 1
1.13 1
1.1 1
1.06 1
1.17 1
1.11 1
1.13 1
1.14 1
1.15 1
1.18 1
1.18 1
1.15 1
1.24 1
1.11 1
1.21 1
1.1 1
1.24 1
1.15 1
1.28 1
1.2 1
1.13 1
1.09 1
1.16 1
1.1 1
1.13 1
1.21 1
1.09 1
1.17 1
1.14 1
1.13 1
1.15 1
1.09 1
1.07 1
1.1 1
1.17 1
1.18 1
1.11 1
1.26 1
1.11 1
1.17 1
1.15 1
1.05 1
1.08 1
1.26 1
1.15 1
1.13 1
1.1 1
1.17 1
1.19 1
1.13 1
1.09 1
1.21 1
1.17 1
1.11 1
1.12 1
1.11 1
1.18 1
1.15 1
1.14 1
1.12 1
1.1 1
1.06 1
1.12 1
1.07 1
1.13 1
1.1 1
1.15 1
1.11 1
1.14 1
1.15 1
1.19 1
1.12 1
1.17 1
1.18 1
1.12 1
1.07 1
1.14 1
1.14 1
1.11 1
1.14 1
1.18 1
1.21 1
1.17 1
1.21 1
1.15 1
1.12 1
1.11 1
1.2 1
1.15 1
1.14 1
1.06 1
1.1 1
1.2 1
1.1 1
1.13 1
1.16 1
1.06 1
1.21 1
1.14 1
1.18 1
1.14 1
1.16 1
1.16 1
1.11 1
1.13 1
1.2 1
1.12 1
1.07 1
1.18 1
1.1 1
1.2 1
1.06 1
1.1 1
1.16 1
1.21 1
1.18 1
1.1 1
1.15 1
1.11 1
1.16 1
1.19 1
1.14 1
1.22 1
1.09 1
1.12 1
1.16 1
1.08 1
1.16 1
1.22 1
1.14 1
1.16 1
1.12 1
1.22 1
1.13 1
1.09 1
1.18 1
1.14 1
1.17 1
1.22 1
1.17 1
1.14 1
1.22 1
1.18 1
1.1 1
1.16 1
1.11 1
1.16 1
1.17 1
1.2 1
1.11 1
1.05 1
1.12 1
1.04 1
1.13 1
1.12 1
1.08 1
1.1 1
1.13 1
1.06 1
1.11 1
1.14 1
1.19 1
1.24 1
1.1 1
1.09 1
1.08 1
1.13 1
1.11 1
1.09 1
1.13 1
1.14 1
1.15 1
1.1 1
1.1 1
1.16 1
1.07 1
1.19 1
1.16 1
1.13 1
1.2 1
1.12 1
1.19 1
1.04 1
1.14 1
1.19 1
1.17 1
1.11 1
1.14 1
1.15 1
1.14 1
1.18 1
1.19 1
1.12 1
1.22 1
1.14 1
1.09 1
1.15 1
1.19 1
1.15 1
1.09 1
1.16 1
1.17 1
1.17 1
1.13 1
1.09 1
1.16 1
1.12 1
1.18 1
1.11 1
1.14 1
1.19 1
1.12 1
1.1 1
1.15 1
1.15 1
1.14 1
1.16 1
1.26 1
1.12 1
1.13 1
1.09 1
1.16 1
1.18 1
1.14 1
1.11 1
1.09 1
1.14 1
1.15 1
1.22 1
1.06 1
1.14 1
1.1 1
1.12 1
1.12 1
1.17 1
1.22 1
1.12 1
1.22 1
1.13 1
1.06 1
1.12 1
1.18 1
1.19 1
1.09 1
1.06 1
1.16 1
1.08 1
1.11 1
1.11 1
1.14 1
1.23 1
1.19 1
1.11 1
1.19 1
1.11 1
1.06 1
1.19 1
1.11 1
1.13 1
1.16 1
1.16 1
1.1 1
1.17 1
1.16 1
1.11 1
1.11 1
1.13 1
1.18 1
1.1 1
1.11 1
1.21 1
1.09 1
1.12 1
1.18 1
1.13 1
1.06 1
1.1 1
1.12 1
1.18 1
1.13 1
1.11 1
1.07 1
1.11 1
1.14 1
1.14 1
1.05 1
1.1 1
1.1 1
1.04 1
1.09 1
1.07 1
1.13 1
1.09 1
1.2 1
1.12 1
1.1 1
1.12 1
1.08 1
1.19 1
1.13 1
1.12 1
1.09 1
1.18 1
1.21 1
1.1 1
1.12 1
1.19 1
1.11 1
1.17 1
1.11 1
1.14 1
1.04 1
1.17 1
1.15 1
1.08 1
1.22 1
1.1 1
1.16 1
1.07 1
1.11 1
1.22 1
1.14 1
1.18 1
1.13 1
1.07 1
1.15 1
1.11 1
1.14 1
1.11 1
1.1 1
1.09 1
1.19 1
1.19 1
1.13 1
1.1 1
1.19 1
1.14 1
1.13 1
1.1 1
1.12 1
1.15 1
1.24 1
1.19 1
1.07 1
1.14 1
1.12 1
1.17 1
1.16 1
1.17 1
1.08 1
1.18 1
1.19 1
1.19 1
1.1 1
1.09 1
1.28 1
1.15 1
1.07 1
1.11 1
1.11 1
1.15 1
1.23 1
1.11 1
1.16 1
1.19 1
1.18 1
1.22 1
1.09 1
1.2 1
1.1 1
1.16 1
1.22 1
1.08 1
1.16 1
1.2 1
1.15 1
1.19 1
1.09 1
1.16 1
1.16 1
1.15 1
1.06 1
1.09 1
1.15 1
1.1 1
1.15 1
1.13 1
1.21 1
1.14 1
1.1 1
1.16 1
1.11 1
1.15 1
1.13 1
1.12 1
1.18 1
1.19 1
1.08 1
1.15 1
1.23 1
1.08 1
1.15 1
1.14 1
1.08 1
1.15 1
1.07 1
1.11 1
1.12 1
1.13 1
1.18 1
1.14 1
1.22 1
1.15 1
1.23 1
1.25 1
1.21 1
1.12 1
1.26 1
1.06 1
1.1 1
1.04 1
1.17 1
1.11 1
1.12 1
1.14 1
1.1 1
1.14 1
1.12 1
1.11 1
1.14 1
1.09 1
1.18 1
1.12 1
1.12 1
1.21 1
1.21 1
1.18 1
1.24 1
1.14 1
1.11 1
1.08 1
5.44 0
5.3 0
4.74 1
3.34 1
2.97 0
10.44 4
10.39 4
7.89 4
7.34 4
6.31 3
6.07 3
5.42 3
5.13 2
4.54 2
4.11 2
4.0 2
3.84 2
3.12 2
3.2 2
4.0 2
3.42 2
2.91 2
4.06 2
3.01 2
2.88 2
2.38 2
2.07 2
2.07 2
2.07 2
2.1 2
2.09 2
2.07 2
2.07 2
2.06 2
2.1 2
2.05 2
2.11 2
2.05 2
2.08 2
2.02 2
2.13 2
2.11 2
2.06 2
2.05 2
2.08 2
2.06 2
2.06 2
2.03 2
2.01 2
2.07 2
2.04 2
2.06 2
2.05 2
2.05 2
2.01 2
2.1 2
2.07 2
2.07 2
2.02 2
2.1 2
2.04 2
2.06 2
2.05 2
2.07 2
2.08 2
2.02 2
2.07 2
2.05 2
2.12 2
2.05 2
2.03 2
2.08 2
2.04 0
2.05 0
2.07 0
1.95 0
0.45 0
0.14 0
0.09 0
0.05 0
0.06 0
0.11 0
0.12 0
0.07 0
0.07 0
0.15 0
0.08 0
0.16 0
0.08 0
0.1 0
0.11 0
0.05 0
0.12 0
0.04 0
0.03 0
0.12 0
0.07 0
0.07 0
0.13 0
0.06 0
0.05 0
0.07 0
0.09 0
0.08 0
0.04 0
0.1 0
0.09 0
0.1 0
0.09 0
0.14 0
0.04 0
0.08 0
0.1 0
0.08 0
0.1 0
0.02 0
0.09 0
0.16 0
0.07 0
0.07 0
0.04 0
0.08 0
0.06 0
0.06 0
0.09 0
0.08 0
0.11 0
0.05 0
0.02 0
0.1 0
0.05 0
0.03 0
0.1 0
0.08 0
0.09 0
0.04 0
0.07 0
0.09 0
0.07 0
0.05 0
0.1 0
0.09 0
0.07 0
0.05 0
0.12 0
0.06 0
0.19 0
0.05 0
10.61 4
