===================== Generation 1 =====================

chromosome 	| x 	| f(x) 		| f/sum	| f/ave	| count
------------------------------------------------------
00101001	| 41 	| 1681  	| 0.009	| 0.087	| 0 
01100010	| 98 	| 9604  	| 0.050	| 0.499	| 0 
00001110	| 14 	| 196  	| 0.001	| 0.010	| 0 
00110001	| 49 	| 2401  	| 0.012	| 0.125	| 0 
11000001	| 193 	| 37249  	| 0.194	| 1.937	| 2 
11011001	| 217 	| 47089  	| 0.245	| 2.448	| 2 
00101101	| 45 	| 2025  	| 0.011	| 0.105	| 0 
10001100	| 140 	| 19600  	| 0.102	| 1.019	| 1 
11001010	| 202 	| 40804  	| 0.212	| 2.122	| 2 
10110010	| 178 	| 31684  	| 0.165	| 1.647	| 2 

Best value: 11011001(217) , f(x) = 47089

===================== Generation 2 =====================

chromosome 	| x 	| f(x) 		| f/sum	| f/ave	| count
------------------------------------------------------
11001010	| 202 	| 40804  	| 0.113	| 1.129	| 1 
10001100	| 140 	| 19600  	| 0.054	| 0.542	| 1 
11011001	| 217 	| 47089  	| 0.130	| 1.303	| 1 
11001010	| 202 	| 40804  	| 0.113	| 1.129	| 1 
11110001	| 241 	| 58081  	| 0.161	| 1.607	| 2 
00000001	| 1 	| 1  	| 0.000	| 0.000	| 0 
11001001	| 201 	| 40401  	| 0.112	| 1.118	| 1 
11011010	| 218 	| 47524  	| 0.131	| 1.315	| 1 
10001001	| 137 	| 18769  	| 0.052	| 0.519	| 1 
11011100	| 220 	| 48400  	| 0.134	| 1.339	| 1 

Best value: 11110001(241) , f(x) = 58081

===================== Generation 3 =====================

chromosome 	| x 	| f(x) 		| f/sum	| f/ave	| count
------------------------------------------------------
11110010	| 242 	| 58564  	| 0.134	| 1.342	| 1 
11001001	| 201 	| 40401  	| 0.093	| 0.926	| 1 
11011001	| 217 	| 47089  	| 0.108	| 1.079	| 1 
11001010	| 202 	| 40804  	| 0.094	| 0.935	| 1 
11110000	| 240 	| 57600  	| 0.132	| 1.320	| 1 
11011101	| 221 	| 48841  	| 0.112	| 1.119	| 1 
01001001	| 73 	| 5329  	| 0.012	| 0.122	| 0 
11001000	| 200 	| 40000  	| 0.092	| 0.917	| 1 
11011110	| 222 	| 49284  	| 0.113	| 1.130	| 1 
11011100	| 220 	| 48400  	| 0.111	| 1.109	| 1 

Best value: 11110010(242) , f(x) = 58564

===================== Generation 4 =====================

chromosome 	| x 	| f(x) 		| f/sum	| f/ave	| count
------------------------------------------------------
11110010	| 242 	| 58564  	| 0.104	| 1.042	| 1 
11110000	| 240 	| 57600  	| 0.102	| 1.024	| 1 
11110010	| 242 	| 58564  	| 0.104	| 1.042	| 1 
11011110	| 222 	| 49284  	| 0.088	| 0.877	| 1 
11110000	| 240 	| 57600  	| 0.102	| 1.024	| 1 
11011110	| 222 	| 49284  	| 0.088	| 0.877	| 1 
11110010	| 242 	| 58564  	| 0.104	| 1.042	| 1 
11110000	| 240 	| 57600  	| 0.102	| 1.024	| 1 
11110000	| 240 	| 57600  	| 0.102	| 1.024	| 1 
11110000	| 240 	| 57600  	| 0.102	| 1.024	| 1 

Best value: 11110010(242) , f(x) = 58564

===================== Generation 5 =====================

chromosome 	| x 	| f(x) 		| f/sum	| f/ave	| count
------------------------------------------------------
11110010	| 242 	| 58564  	| 0.100	| 1.003	| 1 
11110010	| 242 	| 58564  	| 0.100	| 1.003	| 1 
11110010	| 242 	| 58564  	| 0.100	| 1.003	| 1 
11110000	| 240 	| 57600  	| 0.099	| 0.987	| 1 
11110010	| 242 	| 58564  	| 0.100	| 1.003	| 1 
11110010	| 242 	| 58564  	| 0.100	| 1.003	| 1 
11110010	| 242 	| 58564  	| 0.100	| 1.003	| 1 
11110010	| 242 	| 58564  	| 0.100	| 1.003	| 1 
11110010	| 242 	| 58564  	| 0.100	| 1.003	| 1 
11110000	| 240 	| 57600  	| 0.099	| 0.987	| 1 

Best value: 11110010(242) , f(x) = 58564

===================== Generation 6 =====================

chromosome 	| x 	| f(x) 		| f/sum	| f/ave	| count
------------------------------------------------------
11110010	| 242 	| 58564  	| 0.100	| 1.000	| 1 
11110010	| 242 	| 58564  	| 0.100	| 1.000	| 1 
11110010	| 242 	| 58564  	| 0.100	| 1.000	| 1 
11110010	| 242 	| 58564  	| 0.100	| 1.000	| 1 
11110010	| 242 	| 58564  	| 0.100	| 1.000	| 1 
11110010	| 242 	| 58564  	| 0.100	| 1.000	| 1 
11110010	| 242 	| 58564  	| 0.100	| 1.000	| 1 
11110010	| 242 	| 58564  	| 0.100	| 1.000	| 1 
11110010	| 242 	| 58564  	| 0.100	| 1.000	| 1 
11110010	| 242 	| 58564  	| 0.100	| 1.000	| 1 

Best value: 11110010(242) , f(x) = 58564

===================== Generation 7 =====================

chromosome 	| x 	| f(x) 		| f/sum	| f/ave	| count
------------------------------------------------------
11110010	| 242 	| 58564  	| 0.100	| 1.002	| 1 
11110010	| 242 	| 58564  	| 0.100	| 1.002	| 1 
11110000	| 240 	| 57600  	| 0.099	| 0.985	| 1 
11110010	| 242 	| 58564  	| 0.100	| 1.002	| 1 
11110010	| 242 	| 58564  	| 0.100	| 1.002	| 1 
11110010	| 242 	| 58564  	| 0.100	| 1.002	| 1 
11110010	| 242 	| 58564  	| 0.100	| 1.002	| 1 
11110010	| 242 	| 58564  	| 0.100	| 1.002	| 1 
11110010	| 242 	| 58564  	| 0.100	| 1.002	| 1 
11110010	| 242 	| 58564  	| 0.100	| 1.002	| 1 

Best value: 11110010(242) , f(x) = 58564

===================== Generation 8 =====================

chromosome 	| x 	| f(x) 		| f/sum	| f/ave	| count
------------------------------------------------------
11110010	| 242 	| 58564  	| 0.100	| 1.000	| 1 
11110010	| 242 	| 58564  	| 0.100	| 1.000	| 1 
11110010	| 242 	| 58564  	| 0.100	| 1.000	| 1 
11110010	| 242 	| 58564  	| 0.100	| 1.000	| 1 
11110010	| 242 	| 58564  	| 0.100	| 1.000	| 1 
11110010	| 242 	| 58564  	| 0.100	| 1.000	| 1 
11110010	| 242 	| 58564  	| 0.100	| 1.000	| 1 
11110010	| 242 	| 58564  	| 0.100	| 1.000	| 1 
11110010	| 242 	| 58564  	| 0.100	| 1.000	| 1 
11110010	| 242 	| 58564  	| 0.100	| 1.000	| 1 

Best value: 11110010(242) , f(x) = 58564

===================== Generation 9 =====================

chromosome 	| x 	| f(x) 		| f/sum	| f/ave	| count
------------------------------------------------------
11110010	| 242 	| 58564  	| 0.100	| 1.000	| 1 
11110010	| 242 	| 58564  	| 0.100	| 1.000	| 1 
11110010	| 242 	| 58564  	| 0.100	| 1.000	| 1 
11110010	| 242 	| 58564  	| 0.100	| 1.000	| 1 
11110010	| 242 	| 58564  	| 0.100	| 1.000	| 1 
11110010	| 242 	| 58564  	| 0.100	| 1.000	| 1 
11110010	| 242 	| 58564  	| 0.100	| 1.000	| 1 
11110010	| 242 	| 58564  	| 0.100	| 1.000	| 1 
11110010	| 242 	| 58564  	| 0.100	| 1.000	| 1 
11110010	| 242 	| 58564  	| 0.100	| 1.000	| 1 

Best value: 11110010(242) , f(x) = 58564

===================== Generation 10 =====================

chromosome 	| x 	| f(x) 		| f/sum	| f/ave	| count
------------------------------------------------------
11110010	| 242 	| 58564  	| 0.105	| 1.048	| 1 
11110010	| 242 	| 58564  	| 0.105	| 1.048	| 1 
10110010	| 178 	| 31684  	| 0.057	| 0.567	| 1 
11110010	| 242 	| 58564  	| 0.105	| 1.048	| 1 
11110010	| 242 	| 58564  	| 0.105	| 1.048	| 1 
11110010	| 242 	| 58564  	| 0.105	| 1.048	| 1 
11110010	| 242 	| 58564  	| 0.105	| 1.048	| 1 
11110010	| 242 	| 58564  	| 0.105	| 1.048	| 1 
11110010	| 242 	| 58564  	| 0.105	| 1.048	| 1 
11110010	| 242 	| 58564  	| 0.105	| 1.048	| 1 

Best value: 11110010(242) , f(x) = 58564

===================== Generation 11 =====================

chromosome 	| x 	| f(x) 		| f/sum	| f/ave	| count
------------------------------------------------------
11110010	| 242 	| 58564  	| 0.100	| 1.000	| 1 
11110010	| 242 	| 58564  	| 0.100	| 1.000	| 1 
11110010	| 242 	| 58564  	| 0.100	| 1.000	| 1 
11110010	| 242 	| 58564  	| 0.100	| 1.000	| 1 
11110010	| 242 	| 58564  	| 0.100	| 1.000	| 1 
11110010	| 242 	| 58564  	| 0.100	| 1.000	| 1 
11110010	| 242 	| 58564  	| 0.100	| 1.000	| 1 
11110010	| 242 	| 58564  	| 0.100	| 1.000	| 1 
11110010	| 242 	| 58564  	| 0.100	| 1.000	| 1 
11110010	| 242 	| 58564  	| 0.100	| 1.000	| 1 

Best value: 11110010(242) , f(x) = 58564

===================== Generation 12 =====================

chromosome 	| x 	| f(x) 		| f/sum	| f/ave	| count
------------------------------------------------------
11110010	| 242 	| 58564  	| 0.100	| 1.000	| 1 
11110010	| 242 	| 58564  	| 0.100	| 1.000	| 1 
11110010	| 242 	| 58564  	| 0.100	| 1.000	| 1 
11110010	| 242 	| 58564  	| 0.100	| 1.000	| 1 
11110010	| 242 	| 58564  	| 0.100	| 1.000	| 1 
11110010	| 242 	| 58564  	| 0.100	| 1.000	| 1 
11110010	| 242 	| 58564  	| 0.100	| 1.000	| 1 
11110010	| 242 	| 58564  	| 0.100	| 1.000	| 1 
11110010	| 242 	| 58564  	| 0.100	| 1.000	| 1 
11110010	| 242 	| 58564  	| 0.100	| 1.000	| 1 

Best value: 11110010(242) , f(x) = 58564

===================== Generation 13 =====================

chromosome 	| x 	| f(x) 		| f/sum	| f/ave	| count
------------------------------------------------------
11110010	| 242 	| 58564  	| 0.100	| 1.000	| 1 
11110010	| 242 	| 58564  	| 0.100	| 1.000	| 1 
11110010	| 242 	| 58564  	| 0.100	| 1.000	| 1 
11110010	| 242 	| 58564  	| 0.100	| 1.000	| 1 
11110010	| 242 	| 58564  	| 0.100	| 1.000	| 1 
11110010	| 242 	| 58564  	| 0.100	| 1.000	| 1 
11110010	| 242 	| 58564  	| 0.100	| 1.000	| 1 
11110010	| 242 	| 58564  	| 0.100	| 1.000	| 1 
11110010	| 242 	| 58564  	| 0.100	| 1.000	| 1 
11110010	| 242 	| 58564  	| 0.100	| 1.000	| 1 

Best value: 11110010(242) , f(x) = 58564

===================== Generation 14 =====================

chromosome 	| x 	| f(x) 		| f/sum	| f/ave	| count
------------------------------------------------------
11110010	| 242 	| 58564  	| 0.108	| 1.084	| 1 
11110010	| 242 	| 58564  	| 0.108	| 1.084	| 1 
11110010	| 242 	| 58564  	| 0.108	| 1.084	| 1 
11110010	| 242 	| 58564  	| 0.108	| 1.084	| 1 
01110010	| 114 	| 12996  	| 0.024	| 0.241	| 0 
11110010	| 242 	| 58564  	| 0.108	| 1.084	| 1 
11110010	| 242 	| 58564  	| 0.108	| 1.084	| 1 
11110010	| 242 	| 58564  	| 0.108	| 1.084	| 1 
11110010	| 242 	| 58564  	| 0.108	| 1.084	| 1 
11110010	| 242 	| 58564  	| 0.108	| 1.084	| 1 

Best value: 11110010(242) , f(x) = 58564

===================== Generation 15 =====================

chromosome 	| x 	| f(x) 		| f/sum	| f/ave	| count
------------------------------------------------------
11110010	| 242 	| 58564  	| 0.108	| 1.084	| 1 
11110010	| 242 	| 58564  	| 0.108	| 1.084	| 1 
01110010	| 114 	| 12996  	| 0.024	| 0.241	| 0 
11110010	| 242 	| 58564  	| 0.108	| 1.084	| 1 
11110010	| 242 	| 58564  	| 0.108	| 1.084	| 1 
11110010	| 242 	| 58564  	| 0.108	| 1.084	| 1 
11110010	| 242 	| 58564  	| 0.108	| 1.084	| 1 
11110010	| 242 	| 58564  	| 0.108	| 1.084	| 1 
11110010	| 242 	| 58564  	| 0.108	| 1.084	| 1 
11110010	| 242 	| 58564  	| 0.108	| 1.084	| 1 

Best value: 11110010(242) , f(x) = 58564

===================== Generation 16 =====================

chromosome 	| x 	| f(x) 		| f/sum	| f/ave	| count
------------------------------------------------------
11100010	| 226 	| 51076  	| 0.088	| 0.883	| 1 
11110010	| 242 	| 58564  	| 0.101	| 1.013	| 1 
11110010	| 242 	| 58564  	| 0.101	| 1.013	| 1 
11110010	| 242 	| 58564  	| 0.101	| 1.013	| 1 
11110010	| 242 	| 58564  	| 0.101	| 1.013	| 1 
11110010	| 242 	| 58564  	| 0.101	| 1.013	| 1 
11110010	| 242 	| 58564  	| 0.101	| 1.013	| 1 
11110010	| 242 	| 58564  	| 0.101	| 1.013	| 1 
11110010	| 242 	| 58564  	| 0.101	| 1.013	| 1 
11110010	| 242 	| 58564  	| 0.101	| 1.013	| 1 

Best value: 11110010(242) , f(x) = 58564

===================== Generation 17 =====================

chromosome 	| x 	| f(x) 		| f/sum	| f/ave	| count
------------------------------------------------------
11110010	| 242 	| 58564  	| 0.100	| 1.002	| 1 
11110010	| 242 	| 58564  	| 0.100	| 1.002	| 1 
11110010	| 242 	| 58564  	| 0.100	| 1.002	| 1 
11110010	| 242 	| 58564  	| 0.100	| 1.002	| 1 
11110000	| 240 	| 57600  	| 0.099	| 0.985	| 1 
11110010	| 242 	| 58564  	| 0.100	| 1.002	| 1 
11110010	| 242 	| 58564  	| 0.100	| 1.002	| 1 
11110010	| 242 	| 58564  	| 0.100	| 1.002	| 1 
11110010	| 242 	| 58564  	| 0.100	| 1.002	| 1 
11110010	| 242 	| 58564  	| 0.100	| 1.002	| 1 

Best value: 11110010(242) , f(x) = 58564

===================== Generation 18 =====================

chromosome 	| x 	| f(x) 		| f/sum	| f/ave	| count
------------------------------------------------------
11110010	| 242 	| 58564  	| 0.100	| 1.000	| 1 
11110010	| 242 	| 58564  	| 0.100	| 1.000	| 1 
11110010	| 242 	| 58564  	| 0.100	| 1.000	| 1 
11110010	| 242 	| 58564  	| 0.100	| 1.000	| 1 
11110010	| 242 	| 58564  	| 0.100	| 1.000	| 1 
11110010	| 242 	| 58564  	| 0.100	| 1.000	| 1 
11110010	| 242 	| 58564  	| 0.100	| 1.000	| 1 
11110010	| 242 	| 58564  	| 0.100	| 1.000	| 1 
11110010	| 242 	| 58564  	| 0.100	| 1.000	| 1 
11110010	| 242 	| 58564  	| 0.100	| 1.000	| 1 

Best value: 11110010(242) , f(x) = 58564

===================== Generation 19 =====================

chromosome 	| x 	| f(x) 		| f/sum	| f/ave	| count
------------------------------------------------------
11110010	| 242 	| 58564  	| 0.108	| 1.084	| 1 
11110010	| 242 	| 58564  	| 0.108	| 1.084	| 1 
11110010	| 242 	| 58564  	| 0.108	| 1.084	| 1 
11110010	| 242 	| 58564  	| 0.108	| 1.084	| 1 
11110010	| 242 	| 58564  	| 0.108	| 1.084	| 1 
11110010	| 242 	| 58564  	| 0.108	| 1.084	| 1 
11110010	| 242 	| 58564  	| 0.108	| 1.084	| 1 
11110010	| 242 	| 58564  	| 0.108	| 1.084	| 1 
01110010	| 114 	| 12996  	| 0.024	| 0.241	| 0 
11110010	| 242 	| 58564  	| 0.108	| 1.084	| 1 

Best value: 11110010(242) , f(x) = 58564

===================== Generation 20 =====================

chromosome 	| x 	| f(x) 		| f/sum	| f/ave	| count
------------------------------------------------------
11110010	| 242 	| 58564  	| 0.100	| 1.000	| 1 
11110010	| 242 	| 58564  	| 0.100	| 1.000	| 1 
11110010	| 242 	| 58564  	| 0.100	| 1.000	| 1 
11110010	| 242 	| 58564  	| 0.100	| 1.000	| 1 
11110010	| 242 	| 58564  	| 0.100	| 1.000	| 1 
11110010	| 242 	| 58564  	| 0.100	| 1.000	| 1 
11110010	| 242 	| 58564  	| 0.100	| 1.000	| 1 
11110010	| 242 	| 58564  	| 0.100	| 1.000	| 1 
11110010	| 242 	| 58564  	| 0.100	| 1.000	| 1 
11110010	| 242 	| 58564  	| 0.100	| 1.000	| 1 

Best value: 11110010(242) , f(x) = 58564

